[1,["c2/iVFpUtCP7jUV8GXU2h1@1f586","b85/v76VtAA49ni/6npVHf","beOCtaC7RHG6u+Q11ZgWka@09540","98fw25FgBCs7CHnzYJkwjU@d7bab","84S7xwDPpB2rULpG/4MLaJ@24f58","f5NEBQB1RCjaAv7Hgz5wiY@106bc","24WK3zUFRKErZUb8m2q/cg@ee525","a4aiv0zN1NwbW93qz9W2fV@50caa","a4aiv0zN1NwbW93qz9W2fV@438fe","2bVpkhSIRBO4Xa5o314C6l@6c48a","51X5RY35xFRopRwTLM3xKD"],["_parent","node","root","target","hand","msr","data","_defaultClip","_mesh","_skeleton","mainTexture","_effectAsset"],[["cc.Node",["_name","_prefab","_lpos","_children","_parent","_lrot","_euler","_components"],2,4,5,2,1,5,5,9],["cc.Node",["_name","_parent","_prefab","_children","_lpos","_components","_lrot","_euler"],2,1,4,9,5,2,5,5],["cc.PrefabInfo",["fileId","targetOverrides","root","asset"],1,1,1],["cc.Prefab",["_name"],2],["cc.SkeletalAnimation",["node","__prefab","_clips","_sockets","_defaultClip"],3,1,4,3,9,6],["cc.CompPrefabInfo",["fileId"],2],["cc.SkeletalAnimation.Socket",["path","target"],2,1],["392b793xh5PkZRIXhMHN8E/",["node","__prefab","hand"],3,1,4,1],["b1660mQ0TBNtpwGCHPSffJ4",["node","__prefab","msr"],3,1,4,1],["cc.SkinnedMeshRenderer",["node","__prefab","_materials","lightmapSettings","_skinningRoot"],3,1,4,3,4,1],["cc.ModelLightmapSettings",[],3],["cc.Skeleton",["_name","_hash","_joints","_bindposes"],0,12],["cc.Mesh",["_native","_hash","_struct"],1,11],["cc.Material",["_name","_states","_defines","_props"],0,12]],[[2,0,2,3,2],[0,0,4,3,1,2,5,6,2],[0,0,4,1,2,2],[1,0,1,3,2,4,6,7,2],[5,0,2],[3,0,2],[0,0,3,7,1,2],[0,0,3,1,2,2],[0,0,4,1,2,5,6,2],[0,0,4,3,1,2,2],[1,0,1,5,2,2],[1,0,1,3,2,4,2],[4,0,1,2,3,4,1],[6,0,1,2],[7,0,1,2,1],[8,0,1,2,1],[2,0,1,2,3,3],[9,0,1,2,3,4,1],[10,1],[11,0,1,2,3,4],[12,0,1,2,3],[13,0,1,2,3,4]],[[[[5,"player"],[6,"player",[-8,-9,-10],[[12,-3,[4,"38S7IQZi5P/rsPIS1Bk6D1"],[1,2,3,4,5,6],[[13,"mixamorig:Hips/mixamorig:Spine/mixamorig:Spine1/mixamorig:Spine2/mixamorig:RightShoulder/mixamorig:RightArm/mixamorig:RightForeArm/mixamorig:RightHand",-2]],7],[14,-5,[4,"a6mNA3mOxMUZ5ES3h8fpGA"],-4],[15,-7,[4,"39zDAxBcxBXImxFJ3mHFKN"],-6]],[16,"a8vrX4nA5A5pTdcWpb8FuO",[],-1,0]],[1,"mixamorig:Hips",1,[-11,-12,-13],[0,"f6YvMFnFRNgLlq8Bf6494a",1,0],[1,0.000008861323294695467,0.5936644077301025,-0.003223244333639741],[3,8.135507541873072e-8,0.0000017551606074687805,-0.000059974383367537475,0.9999999981999932],[1,0.000009334667420530202,0.00020112715055390268,-0.006872558079465735]],[7,"mixamorig:Spine2",[-14,-15,-16],[0,"c65StjAa5NeoOhQ12tcFkB",1,0],[1,0,0.08985336124897003,-9.53674295089968e-9]],[8,"mixamorig:RightHand Socket",1,[0,"ef4wHciZpNl5EniqB0aHd3",1,0],[1,-0.6984850560870837,0.8904297108526206,-0.06397458111455458],[3,0.534592770568261,-0.5345910977721796,0.46283065798543943,0.46282902876510634],[1,90.00019084865924,-89.99998376573919,-8.230404350764545]],[10,"Protagonist_level_1",1,[-17],[0,"29mO11qZ9FoJcF0DUy/zBm",1,0]],[17,5,[4,"c6WfbGF9tKd7BEoMO5dcHn"],[0],[18],1],[1,"mixamorig:Spine",2,[-18],[0,"26+X+fSVdIxLa0096/Ptzz",1,0],[1,4.656612768993984e-12,0.06627437472343445,-0.012212252244353294],[3,-0.09098605740649779,-0.0000072047450323504985,0.00005956591802652547,0.9958521646095945],[1,-10.44067356242564,-0.0002011302921232635,0.0068725576935206424]],[9,"mixamorig:Spine1",7,[3],[0,"10YLXA6npGUb3z6BhQtDso",1,0],[1,0,0.07862197607755661,9.53674295089968e-9]],[1,"mixamorig:Neck",3,[-19],[0,"b8mlizGiBFTpX4iVdZn15J",1,0],[1,2.168404296503395e-21,0.1010851263999939,-3.814697180359872e-8],[3,0.09098607234807536,-2.1769969699930928e-14,-2.303098829681726e-13,0.9958521650519572],[1,10.440675274952959,-8.304218630894212e-14,-2.650907951729013e-11]],[11,"mixamorig:Head",9,[[2,"mixamorig:HeadTop_End",-20,[0,"ecczsn7VpIpoVC2P77yYGX",1,0],[1,-2.328306384496992e-12,0.6659938097000122,0.12803728878498077]]],[0,"00ngK3Z4BAQay4BYo4FU7z",1,0],[1,0,0.023277970030903816,0.004475193098187447]],[1,"mixamorig:LeftShoulder",3,[-21],[0,"deqmMxg6NP+7UoREX4KI+Z",1,0],[1,0.07262048125267029,0.08293983340263367,-0.0034486197400838137],[3,-0.518883334067596,-0.47676448778870123,0.5323518376706683,-0.4691025791222379],[1,96.04318023340616,91.22656408576242,-0.2684286222095997]],[1,"mixamorig:LeftArm",11,[-22],[0,"bbEwpD+b1ByIQ1yvk3k8v/",1,0],[1,-1.907348590179936e-8,0.15038160979747772,1.5258788721439487e-7],[3,-0.05368553711650327,0.1599382121748983,0.0021470218820931206,0.9856637467655223],[1,-6.11517815189923,18.393871641132026,-0.7414426556192796]],[3,"mixamorig:LeftForeArm",12,[[2,"mixamorig:LeftHand",-23,[0,"509Kru0VVOHqJcohY1C1I1",1,0],[1,0,0.22589531540870667,0]]],[0,"2coSMJIGtNN62v4momwK+R",1,0],[1,0,0.2506149709224701,0],[3,-3.747559296814492e-7,0.0009074589520234383,-3.325685345389801e-8,0.9999995882589697],[1,-0.00004294039026980419,0.10398715033510346,-0.000003849922912311262]],[1,"mixamorig:RightShoulder",3,[-24],[0,"b195XOoKdDbIs07QHXdfbL",1,0],[1,-0.0726204663515091,0.08290229737758636,-0.0032455252949148417],[3,0.5198267102753593,-0.4760898948184752,0.5316611528920342,0.4695263803467745],[1,96.07140191172716,-91.06865749514584,0.24576445318885182]],[1,"mixamorig:RightArm",14,[-25],[0,"b0iUNLDwZB8aMyfYgv3Fey",1,0],[1,9.53674295089968e-9,0.15038152039051056,-1.5258788721439487e-7],[3,-0.05372502994179908,-0.16373650628656222,-0.0005363671192410114,0.9850399433409475],[1,-6.086670718283298,-18.824820559084767,0.9475326856309658]],[3,"mixamorig:RightForeArm",15,[[2,"mixamorig:RightHand",-26,[0,"61O2QoM4ZM2rDk922hgFKV",1,0],[1,0,0.22573715448379517,0]]],[0,"2dKUFaDh9JoaCqE9NcP7o3",1,0],[1,0,0.2506309151649475,1.5258788721439487e-7],[3,2.6354174746364024e-7,-0.0008579196202878094,2.5124708452591994e-7,0.9999996319868285],[1,0.00003022434878448519,-0.0983103588753425,0.000028764875640621604]],[1,"mixamorig:LeftUpLeg",2,[-27],[0,"8akM81RiNAV5wtsAKQxfb7",1,0],[1,0.09288754314184189,-0.0367717370390892,0.0009452570811845362],[3,-0.00037504817477585,0.003964071677137886,0.9999779587510632,-0.005312954607547805],[1,-179.54595879669756,179.9594347026034,-0.6089881640955874]],[1,"mixamorig:LeftLeg",17,[-28],[0,"84Dzxxw4VH/Yc4EgOfx556",1,0],[1,0,0.25164949893951416,5.551114999048691e-19],[3,-0.04051875587991556,0.000002179575800585996,-0.010867865467565692,0.9991196724704063],[1,-4.645198685448216,-0.05022297638544741,-1.244377262462718]],[1,"mixamorig:LeftFoot",18,[-29],[0,"2eOpuYeutP/JhjXkZd9znF",1,0],[1,1.907348590179936e-8,0.23669762909412384,0],[3,0.4643579176162834,0.014598186287412714,-0.0014086242453502167,0.8855261899469278],[1,55.33520283370405,1.5565755422996692,0.6338657937540719]],[3,"mixamorig:LeftToeBase",19,[[2,"mixamorig:LeftToe_End",-30,[0,"f8omWIoTxGorRuxJRSRqTE",1,0],[1,-1.907348590179936e-8,0.05197000131011009,2.38418573772492e-9]]],[0,"bebs/byzBPD5g62v5NCQYV",1,0],[1,1.776356799695581e-17,0.10999046266078949,4.76837147544984e-9],[3,0.3325383015524489,-0.0741694260054145,0.02624399360519499,0.9398023340289651],[1,38.97148538007051,-9.024887162367241,-9.747796381698818e-7]],[1,"mixamorig:RightUpLeg",2,[-31],[0,"abBUpGvMFCf5YcT07SMvcM",1,0],[1,-0.09288754314184189,-0.0367717370390892,0.0006994491559453309],[3,0.0003413938706491696,0.008087991789192981,0.9999536936649621,0.0052036876195802806],[1,-179.07334027108843,-179.965701953099,0.5965982544702746]],[1,"mixamorig:RightLeg",21,[-32],[0,"8bYKklb01N77VcCqw41yDM",1,0],[1,-1.776356799695581e-17,0.2516329288482666,-2.38418573772492e-9],[3,-0.04848448635980007,-0.000051343039457454644,0.010865953921991352,0.9987648286717369],[1,-5.559012099366335,0.05450693652458856,1.2439916222884686]],[1,"mixamorig:RightFoot",22,[-33],[0,"25GqrH8TBIxKgQBjGNkkj3",1,0],[1,1.907348590179936e-8,0.23690265417099,-4.440891999238953e-18],[3,0.4746818919606596,-0.014068262886001891,0.0013607710361002374,0.8800439385202347],[1,56.67527110434183,-1.4929996515493964,-0.628021455176175]],[3,"mixamorig:RightToeBase",23,[[2,"mixamorig:RightToe_End",-34,[0,"e4CIqTjV9JIIKufsyDwtpM",1,0],[1,0,0.05188778415322304,-2.38418573772492e-9]]],[0,"ccrH/rZWtFmqS9dYNl96aX",1,0],[1,0,0.11218931525945663,9.53674295089968e-9],[3,0.3251830633753132,0.07513559601098198,-0.025928791582869603,0.9423047889472778],[1,38.078422013684815,9.117779895692848,-1.3759842845377792e-7]]],0,[0,2,1,0,3,4,0,1,1,0,4,4,0,1,1,0,5,6,0,1,1,0,-1,5,0,-2,2,0,-3,4,0,-1,7,0,-2,17,0,-3,21,0,-1,9,0,-2,11,0,-3,14,0,-1,6,0,-1,8,0,-1,10,0,0,10,0,-1,12,0,-1,13,0,0,13,0,-1,15,0,-1,16,0,0,16,0,-1,18,0,-1,19,0,-1,20,0,0,20,0,-1,22,0,-1,23,0,-1,24,0,0,24,0,6,1,3,0,8,34],[0,0,0,0,0,0,0,0,6,6],[-1,-1,-2,-3,-4,-5,-6,7,8,9],[1,0,2,3,4,5,6,0,7,8]],[[[19,"Skin-0",4197788700,["mixamorig:Hips/mixamorig:LeftUpLeg","mixamorig:Hips/mixamorig:RightUpLeg","mixamorig:Hips","mixamorig:Hips/mixamorig:LeftUpLeg/mixamorig:LeftLeg","mixamorig:Hips/mixamorig:LeftUpLeg/mixamorig:LeftLeg/mixamorig:LeftFoot","mixamorig:Hips/mixamorig:LeftUpLeg/mixamorig:LeftLeg/mixamorig:LeftFoot/mixamorig:LeftToeBase","mixamorig:Hips/mixamorig:Spine","mixamorig:Hips/mixamorig:RightUpLeg/mixamorig:RightLeg","mixamorig:Hips/mixamorig:Spine/mixamorig:Spine1","mixamorig:Hips/mixamorig:Spine/mixamorig:Spine1/mixamorig:Spine2","mixamorig:Hips/mixamorig:Spine/mixamorig:Spine1/mixamorig:Spine2/mixamorig:Neck/mixamorig:Head","mixamorig:Hips/mixamorig:Spine/mixamorig:Spine1/mixamorig:Spine2/mixamorig:LeftShoulder","mixamorig:Hips/mixamorig:Spine/mixamorig:Spine1/mixamorig:Spine2/mixamorig:Neck","mixamorig:Hips/mixamorig:Spine/mixamorig:Spine1/mixamorig:Spine2/mixamorig:LeftShoulder/mixamorig:LeftArm","mixamorig:Hips/mixamorig:Spine/mixamorig:Spine1/mixamorig:Spine2/mixamorig:LeftShoulder/mixamorig:LeftArm/mixamorig:LeftForeArm/mixamorig:LeftHand","mixamorig:Hips/mixamorig:Spine/mixamorig:Spine1/mixamorig:Spine2/mixamorig:LeftShoulder/mixamorig:LeftArm/mixamorig:LeftForeArm","mixamorig:Hips/mixamorig:RightUpLeg/mixamorig:RightLeg/mixamorig:RightFoot","mixamorig:Hips/mixamorig:RightUpLeg/mixamorig:RightLeg/mixamorig:RightFoot/mixamorig:RightToeBase","mixamorig:Hips/mixamorig:Spine/mixamorig:Spine1/mixamorig:Spine2/mixamorig:RightShoulder","mixamorig:Hips/mixamorig:Spine/mixamorig:Spine1/mixamorig:Spine2/mixamorig:RightShoulder/mixamorig:RightArm","mixamorig:Hips/mixamorig:Spine/mixamorig:Spine1/mixamorig:Spine2/mixamorig:RightShoulder/mixamorig:RightArm/mixamorig:RightForeArm","mixamorig:Hips/mixamorig:Spine/mixamorig:Spine1/mixamorig:Spine2/mixamorig:RightShoulder/mixamorig:RightArm/mixamorig:RightForeArm/mixamorig:RightHand"],[[[7,-0.9997641444206238,0.021715806797146797,3.314273161469927e-11,0,-0.021662449464201927,-0.9973076581954956,-0.07005850970745087,0,-0.0015213768929243088,-0.07004198431968689,0.9975429177284241,0,0.10488743335008621,0.5514487028121948,0.05615653842687607,1],[7,-0.9997641444206238,-0.021717241033911705,-1.7116362580754663e-12,0,0.021665308624505997,-0.9973734021186829,-0.06911514699459076,0,0.001500990241765976,-0.06909884512424469,0.9976087212562561,0,-0.10488900542259216,0.5514844059944153,0.05587822198867798,1],[7,1,0,0,0,0,1,4.371138828673793e-8,0,0,-4.371138828673793e-8,1,0,0,-0.5929421186447144,0.018179651349782944,1],[7,-1,-0.000007972505045472644,-5.562417015880783e-8,0,0.000007953109161462635,-0.9970297813415527,-0.07701648026704788,0,5.585553140008415e-7,-0.07701648026704788,0.9970297813415527,0,0.0983499065041542,0.3016078472137451,0.05826221778988838,1],[7,-0.9996084570884705,-0.02308717928826809,-0.015810750424861908,0,0.002163028111681342,-0.6270935535430908,0.7789409160614014,0,-0.02789837121963501,0.7786017060279846,0.626897931098938,0,0.09668110311031342,0.0870039239525795,-0.019068649038672447,1],[7,-0.989713728427887,0.07084792852401733,0.12428745627403259,0,0.12432364374399185,-0.003915757872164249,0.9922339916229248,0,0.07078440487384796,0.9974794387817383,-0.004932593088597059,0,0.09249304980039597,-0.03925378620624542,-0.011975287459790707,1],[7,1,0,0,0,0,0.9834431409835815,0.181217223405838,0,0,-0.181217223405838,0.9834431409835815,0,0,-0.6538094282150269,-0.08957264572381973,1],[7,-1,0.000007959963113535196,1.466401471361678e-7,0,-0.000007942276170069817,-0.9961664080619812,-0.08747845888137817,0,-5.502473641172401e-7,-0.08747845888137817,0.9961664080619812,0,-0.0983499139547348,0.30097898840904236,0.061432402580976486,1],[7,1,0,0,0,0,0.983443021774292,0.18121741712093353,0,0,-0.18121741712093353,0.983443021774292,0,0,-0.7324312329292297,-0.08957277983427048,1],[7,1,0,0,0,0,0.983443021774292,0.18121741712093353,0,0,-0.18121741712093353,0.983443021774292,0,0,-0.8222846984863281,-0.08957277983427048,1],[7,1,0,0,0,0,1,4.371138828673793e-8,0,0,-4.371138828673793e-8,1,0,0,-0.9475917816162109,0.07476573437452316,1],[7,-0.04762952774763107,0.9688342213630676,-0.24308764934539795,0,-0.18084336817264557,-0.24770605564117432,-0.95180743932724,0,-0.9823579788208008,-0.0013733480591326952,0.18700537085533142,0,0.08933034539222717,0.15391689538955688,0.8946800231933594,1],[7,1,0,0,0,0,1,4.371138828673793e-8,0,0,-4.371138828673793e-8,1,0,0,-0.9243137836456299,0.07924091815948486,1],[7,0.035572052001953125,0.7675355076789856,-0.6400186419487,0,0.14461274445056915,-0.6376367807388306,-0.7566415667533875,0,-0.9888487458229065,-0.06563955545425415,-0.13367746770381927,0,-0.2120392769575119,0.3810608386993408,0.7863057255744934,1],[7,0.15375278890132904,0.7376705408096313,-0.6574208736419678,0,0.044340990483760834,-0.6698127388954163,-0.7412049770355225,0,-0.9871139526367188,0.08481163531541824,-0.13569462299346924,0,-0.18933431804180145,-0.04593522474169731,0.7823173403739929,1],[7,0.15375278890132904,0.7376705408096313,-0.6574208736419678,0,0.044340990483760834,-0.6698127388954163,-0.7412049770355225,0,-0.9871139526367188,0.08481163531541824,-0.13569462299346924,0,-0.18933430314064026,0.17996013164520264,0.7823173403739929,1],[7,-0.9996365308761597,0.022634699940681458,0.01464542280882597,0,-0.002366307657212019,-0.614805281162262,0.7886753678321838,0,0.02685551345348358,0.7883540987968445,0.6146353483200073,0,-0.09665798395872116,0.08859895914793015,-0.018970424309372902,1],[7,-0.989326536655426,-0.07096018642187119,-0.1272697150707245,0,-0.12731344997882843,-0.0039246417582035065,0.991854727268219,0,-0.070881687104702,0.9974713921546936,-0.005151433404535055,0,-0.09243053942918777,-0.03956802189350128,-0.012252061627805233,1],[7,-0.04484878107905388,-0.9688342213630676,0.2436162233352661,0,0.18086054921150208,-0.24770626425743103,-0.9518041014671326,0,0.9824856519699097,0.0013733096420764923,0.18633320927619934,0,-0.08933673053979874,0.15413472056388855,0.8946235775947571,1],[7,0.040124718099832535,-0.7674865126609802,0.6398081183433533,0,-0.15146103501319885,-0.6375963091850281,-0.7553346753120422,0,0.9876484870910645,-0.06659840792417526,-0.14182768762111664,0,0.21827419102191925,0.381001353263855,0.7845641374588013,1],[7,0.15263493359088898,-0.7381874322891235,0.6571011543273926,0,-0.0559801310300827,-0.6702823042869568,-0.7399917840957642,0,0.9866958856582642,0.07616399228572845,-0.14363232254981995,0,0.1967116743326187,0.17922170460224152,0.7806183695793152,1],[7,0.15263493359088898,-0.7381874322891235,0.6571011543273926,0,-0.0559801310300827,-0.6702823042869568,-0.7399917840957642,0,0.9866958856582642,0.07616399228572845,-0.14363232254981995,0,0.1967116743326187,-0.04651543125510216,0.7806183695793152,1]],8,8,8,8,8,8,8,8,8,8,8,8,8,8,8,8,8,8,8,8,8,8]]],0,0,[],[],[]],[[[20,".bin",2480510940,[{"primitives":[{"primitiveMode":7,"jointMapIndex":0,"vertexBundelIndices":[0],"indexView":{"offset":167184,"length":34920,"count":8730,"stride":4}}],"vertexBundles":[{"view":{"offset":0,"length":167184,"count":2322,"stride":72},"attributes":[{"name":"a_position","format":32,"isNormalized":false},{"name":"a_normal","format":32,"isNormalized":false},{"name":"a_texCoord","format":21,"isNormalized":false},{"name":"a_tangent","format":44,"isNormalized":false},{"name":"a_joints","format":42,"isNormalized":false},{"name":"a_weights","format":44,"isNormalized":false}]}],"jointMaps":[[0,1,2,3,4,5,6,7,8,9,10,11,12,13,14,15,16,17,18,19,20,21]]},"minPosition",8,[1,-0.7641375064849854,-0.0011704826029017568,-0.29393231868743896],"maxPosition",8,[1,0.7641375064849854,1.6251461505889893,0.32099586725234985]]],-1],0,0,[],[],[]],[[[21,"player",[{"rasterizerState":{},"depthStencilState":{},"blendState":{"targets":[{}]}},{"rasterizerState":{},"depthStencilState":{},"blendState":{"targets":[{}]}},{"rasterizerState":{},"depthStencilState":{},"blendState":{"targets":[{}]}},{"rasterizerState":{},"depthStencilState":{},"blendState":{"targets":[{}]}}],[{"USE_INSTANCING":true},{"USE_INSTANCING":true,"USE_BASE_COLOR_MAP":true,"BASE_COLOR_MAP_AS_SHADE_MAP_1":true,"BASE_COLOR_MAP_AS_SHADE_MAP_2":true},{},{}],[[{},[{},"hitColor",8,[4,4285559039],"mainColor",8,[4,4294967295],"specular",8,[4,1473039564],"mainTexture",6,0],{},{}],0,11,0,0]]],0,0,[0,0],[10,11],[9,10]]]]
