[1,["9dY3/jrLVFH4aVHt5K+H8D@18d6f","9dY3/jrLVFH4aVHt5K+H8D@685e5","9dY3/jrLVFH4aVHt5K+H8D@ee51d","9dY3/jrLVFH4aVHt5K+H8D@438fe"],["_parent","node","root","data","_mesh","_skeleton","_defaultClip"],[["cc.Node",["_name","_prefab","_children","_parent","_lpos","_components","_lrot","_euler"],2,4,2,1,5,9,5,5],["cc.Node",["_name","_parent","_children","_prefab","_lpos","_lrot","_euler"],2,1,9,4,5,5,5],["cc.Skeleton",["_name","_hash","_joints","_bindposes"],0,12],["cc.Mesh",["_native","_hash","_struct"],1,11],["cc.Prefab",[],3],["cc.SkeletalAnimation",["node","__prefab","_clips","_defaultClip"],3,1,4,3,6],["cc.CompPrefabInfo",["fileId"],2],["cc.PrefabInfo",["fileId","root","asset"],2,1,1],["cc.SkinnedMeshRenderer",["node","__prefab","_materials","lightmapSettings","_skinningRoot","_mesh","_skeleton"],3,1,4,3,4,1,6,6],["cc.ModelLightmapSettings",[],3]],[[7,0,1,2,2],[0,0,3,2,1,4,6,7,2],[0,0,3,1,4,2],[1,0,1,2,3,4,5,6,2],[0,0,3,2,1,4,2],[6,0,2],[2,0,1,2,3,4],[3,0,1,2,3],[4,1],[0,0,2,5,1,2],[0,0,2,1,4,2],[0,0,3,5,1,2],[1,0,1,2,3,4,2],[5,0,1,2,3,1],[8,0,1,2,3,4,5,6,1],[9,1]],[[[[6,"Skin-0",2832274167,["mixamorig:Hips","mixamorig:Hips/mixamorig:Spine/mixamorig:Spine1/mixamorig:Spine2/mixamorig:Neck","mixamorig:Hips/mixamorig:Spine/mixamorig:Spine1/mixamorig:Spine2/mixamorig:Neck/mixamorig:Head","mixamorig:Hips/mixamorig:LeftUpLeg","mixamorig:Hips/mixamorig:Spine/mixamorig:Spine1/mixamorig:Spine2/mixamorig:LeftShoulder","mixamorig:Hips/mixamorig:Spine/mixamorig:Spine1/mixamorig:Spine2/mixamorig:LeftShoulder/mixamorig:LeftArm","mixamorig:Hips/mixamorig:Spine/mixamorig:Spine1/mixamorig:Spine2","mixamorig:Hips/mixamorig:LeftUpLeg/mixamorig:LeftLeg","mixamorig:Hips/mixamorig:LeftUpLeg/mixamorig:LeftLeg/mixamorig:LeftFoot","mixamorig:Hips/mixamorig:LeftUpLeg/mixamorig:LeftLeg/mixamorig:LeftFoot/mixamorig:LeftToeBase","mixamorig:Hips/mixamorig:Spine/mixamorig:Spine1/mixamorig:Spine2/mixamorig:LeftShoulder/mixamorig:LeftArm/mixamorig:LeftForeArm","mixamorig:Hips/mixamorig:Spine/mixamorig:Spine1/mixamorig:Spine2/mixamorig:LeftShoulder/mixamorig:LeftArm/mixamorig:LeftForeArm/mixamorig:LeftHand","mixamorig:Hips/mixamorig:Spine","mixamorig:Hips/mixamorig:Spine/mixamorig:Spine1","mixamorig:Hips/mixamorig:RightUpLeg","mixamorig:Hips/mixamorig:Spine/mixamorig:Spine1/mixamorig:Spine2/mixamorig:RightShoulder","mixamorig:Hips/mixamorig:Spine/mixamorig:Spine1/mixamorig:Spine2/mixamorig:RightShoulder/mixamorig:RightArm","mixamorig:Hips/mixamorig:RightUpLeg/mixamorig:RightLeg","mixamorig:Hips/mixamorig:RightUpLeg/mixamorig:RightLeg/mixamorig:RightFoot","mixamorig:Hips/mixamorig:RightUpLeg/mixamorig:RightLeg/mixamorig:RightFoot/mixamorig:RightToeBase","mixamorig:Hips/mixamorig:Spine/mixamorig:Spine1/mixamorig:Spine2/mixamorig:RightShoulder/mixamorig:RightArm/mixamorig:RightForeArm","mixamorig:Hips/mixamorig:Spine/mixamorig:Spine1/mixamorig:Spine2/mixamorig:RightShoulder/mixamorig:RightArm/mixamorig:RightForeArm/mixamorig:RightHand"],[[[7,1,0,0,0,0,1,4.371138828673793e-8,0,0,-4.371138828673793e-8,1,0,5.7220457705398076e-8,-0.3938039541244507,0.00012325544958002865,1],[7,1,0,0,0,0,1,4.371138828673793e-8,0,0,-4.371138828673793e-8,1,0,5.7220457705398076e-8,-0.684918224811554,0.00020835317263845354,1],[7,1,0,0,0,0,1,4.371138828673793e-8,0,0,-4.371138828673793e-8,1,0,5.7220457705398076e-8,-0.7021710872650146,0.0002640887978486717,1],[7,-0.9983952045440674,0.05663067847490311,-5.423826585232653e-18,0,-0.056615035980939865,-0.9981193542480469,0.02350449562072754,0,0.0013310755603015423,0.023466775193810463,0.9997237324714661,0,0.11424210667610168,0.3553805947303772,-0.009742863476276398,1],[7,0.004544447176158428,0.9927588701248169,-0.12003802508115768,0,-0.00023776602756697685,-0.12003818899393082,-0.9927692413330078,0,-0.9999896287918091,0.004540128633379936,-0.0003094628918915987,0,-0.000040762661228654906,0.03800269216299057,0.6798397898674011,1],[7,-0.0029205307364463806,0.9996270537376404,-0.027151379734277725,0,0.0006648435955867171,-0.02714954875409603,-0.9996311664581299,0,-0.9999955296516418,-0.0029375047888606787,-0.0005853045149706304,0,0.0003540746110957116,-0.11553245782852173,0.6720055937767029,1],[7,1,0,0,0,0,0.9999999403953552,0.00029236095724627376,0,0,-0.00029236095724627376,0.9999999403953552,0,5.7220457705398076e-8,-0.5975840091705322,0.000008139741112245247,1],[7,-0.9998050928115845,0.01966799981892109,0.0017091246554628015,0,-0.01973666623234749,-0.9978110790252686,-0.06311546266078949,0,0.00046402859152294695,-0.06313689798116684,0.9980047941207886,0,0.10792587697505951,0.17331480979919434,0.005281261168420315,1],[7,-0.9998030662536621,0.006008846219629049,-0.01891382783651352,0,-0.019461460411548615,-0.4834255874156952,0.8751690983772278,0,-0.003884671488776803,0.8753648400306702,0.4834473133087158,0,0.10790183395147324,0.02168264612555504,-0.032425738871097565,1],[7,-0.9998882412910461,-0.0013325418112799525,-0.01489008218050003,0,-0.014887760393321514,-0.0017354642041027546,0.9998876452445984,0,-0.001358233392238617,0.999997615814209,0.0017154316883534193,0,0.1077309101819992,-0.06772536784410477,-0.00039752558222971857,1],[7,0.029634015634655952,0.9995570778846741,-0.0027246379759162664,0,-0.00021963793551549315,-0.002719323616474867,-0.9999963045120239,0,-0.9995607733726501,0.02963450364768505,0.00013895618030801415,0,-0.0114155113697052,-0.37754562497138977,0.6629769802093506,1],[7,0.029634015634655952,0.9995570778846741,-0.0027246379759162664,0,-0.00021963793551549315,-0.002719323616474867,-0.9999963045120239,0,-0.9995607733726501,0.02963450364768505,0.00013895618030801415,0,-0.0114155113697052,-0.5199867486953735,0.6629769802093506,1],[7,1,0,0,0,0,0.9999999403953552,0.00029236075351946056,0,0,-0.00029236075351946056,0.9999999403953552,0,5.7220457705398076e-8,-0.4520268440246582,0.00000813985570857767,1],[7,1,0,0,0,0,0.9999999403953552,0.00029236095724627376,0,0,-0.00029236095724627376,0.9999999403953552,0,5.7220457705398076e-8,-0.5199534893035889,0.000008139741112245247,1],[7,-0.9983946681022644,-0.05664027854800224,2.2700435423530027e-18,0,0.05663426220417023,-0.9982885718345642,0.014576404355466366,0,-0.0008256116416305304,0.014553003944456577,0.9998937845230103,0,-0.11424990743398666,0.35545477271080017,-0.006323776673525572,1],[7,-0.004615237936377525,-0.9927588701248169,0.120035320520401,0,0.00034780032001435757,-0.12003818899393082,-0.9927692413330078,0,0.9999892711639404,-0.004540117923170328,0.0008992866496555507,0,-0.000024992139515234157,0.0380006842315197,0.6798400282859802,1],[7,0.004423170350492001,-0.9996214509010315,0.027155529707670212,0,0.0014406305272132158,-0.027149396017193794,-0.999630331993103,0,0.9999891519546509,0.004460656549781561,0.0013199987588450313,0,0.00045308296103030443,-0.11552944034337997,0.6720064282417297,1],[7,-0.9998054504394531,-0.01968502067029476,-0.001228255801834166,0,0.01972120814025402,-0.9986666440963745,-0.04770750552415848,0,-0.00028749482589773834,-0.04772244766354561,0.9988605976104736,0,-0.10792484134435654,0.17328795790672302,0.004476305563002825,1],[7,-0.9998016953468323,-0.00604079058393836,0.01897520013153553,0,0.019518880173563957,-0.4860488176345825,0.8737136721611023,0,0.003944952506572008,0.8739107847213745,0.4860703647136688,0,-0.10790490359067917,0.021582910791039467,-0.032462384551763535,1],[7,-0.99988853931427,0.001332330983132124,0.014869848266243935,0,0.014867579564452171,-0.0016964063979685307,0.999888002872467,0,0.0013574070762842894,0.9999976754188538,0.0016764088068157434,0,-0.10773056745529175,-0.0674499124288559,-0.0003987652889918536,1],[7,0.018808607012033463,-0.9998193383216858,0.002754009095951915,0,0.0018311976455152035,-0.0027200435288250446,-0.9999946355819702,0,0.9998214244842529,0.018813548609614372,0.0017797064501792192,0,0.005654201842844486,-0.37765926122665405,0.6629865169525146,1],[7,0.018808607012033463,-0.9998193383216858,0.002754009095951915,0,0.0018311976455152035,-0.0027200435288250446,-0.9999946355819702,0,0.9998214244842529,0.018813548609614372,0.0017797064501792192,0,0.005654201842844486,-0.5200629234313965,0.6629865169525146,1]],8,8,8,8,8,8,8,8,8,8,8,8,8,8,8,8,8,8,8,8,8,8]]],0,0,[],[],[]],[[[7,".bin",1017936459,[{"primitives":[{"primitiveMode":7,"jointMapIndex":0,"vertexBundelIndices":[0],"indexView":{"offset":22032,"length":3912,"count":978,"stride":4}}],"vertexBundles":[{"view":{"offset":0,"length":22032,"count":306,"stride":72},"attributes":[{"name":"a_position","format":32,"isNormalized":false},{"name":"a_normal","format":32,"isNormalized":false},{"name":"a_texCoord","format":21,"isNormalized":false},{"name":"a_tangent","format":44,"isNormalized":false},{"name":"a_joints","format":42,"isNormalized":false},{"name":"a_weights","format":44,"isNormalized":false}]}],"jointMaps":[[0,1,2,3,4,5,6,7,8,9,10,11,12,13,14,15,16,17,18,19,20,21]]},"minPosition",8,[1,-0.6002819538116455,0.0006373852957040071,-0.16458375751972198],"maxPosition",8,[1,0.600281834602356,1.0788322687149048,0.16458261013031006]]],-1],0,0,[],[],[]],[[[8],[9,"Dogface",[-3,-4],[[13,-2,[5,"78ZEv8KvlYaZmOSpmCIkio"],[3],4]],[0,"f5E4RMy0ZRxqF5YKVk/8cM",-1,0]],[4,"mixamorig:Hips",1,[-5,-6,-7],[0,"d1VO/vjuRQ1bCCT+Td2Tmx",1,0],[1,-5.7220457705398076e-8,0.3938039541244507,-0.00012325544958002865]],[10,"mixamorig:Spine2",[-8,-9,-10],[0,"3cf+rrWW9QvL5lSc/q7YL1",1,0],[1,0,0.07763049751520157,0]],[11,"Dogface",1,[[14,-11,[5,"2eOLkZRNpWuYO94Hu/TmLv"],[0],[15],1,1,2]],[0,"cbz48W4i5TWL+u32wBbjDc",1,0]],[1,"mixamorig:Spine",2,[-12],[0,"66J6n+W0xceYIAFwmw4ba0",1,0],[1,0,0.05822288617491722,-0.00001701955625321716],[3,-0.00014615851822191527,0,0,0.9999999893188437],[1,-0.016748532527634596,0,0]],[4,"mixamorig:Spine1",5,[3],[0,"06V9I5so1bLJldaSqd7+pQ",1,0],[1,0,0.06792663782835007,-1.734723437202716e-20]],[1,"mixamorig:Neck",3,[-13],[0,"b5PMqJOlhSDqU1YEBI9sS9",1,0],[1,0,0.08733425289392471,-1.1135485762647779e-11],[3,0.00014615863463723336,0,0,0.9999999893188266],[1,0.016748545867847534,0,0]],[12,"mixamorig:Head",7,[[2,"mixamorig:HeadTop_End",-14,[0,"a10PTJH/NVNYascmrlmUbK",1,0],[1,0,0.3769899010658264,-0.0012178689939901233]]],[0,"45HG9+Vj1S7KedwU7ReOn8",1,0],[1,0,0.017252884805202484,-0.00005573561429628171]],[1,"mixamorig:LeftShoulder",3,[-15],[0,"f72mBEEQRcNbkV7nBhwg6K",1,0],[1,0.04387935623526573,0.08190175890922546,0.00020388071425259113],[3,0.5303733892010714,0.4679785622189004,-0.5279430098345875,0.47008117564703245],[1,96.89438266770144,89.73961915868962,0.003128966043431031]],[1,"mixamorig:LeftArm",9,[-16],[0,"aelOb23s9YZIk+uK3o8Mwz",1,0],[1,-5.2041703116081476e-20,0.09051240235567093,-4.2632563192693945e-16],[3,-0.046569756312511416,0.00017508839344559525,-0.0037555961649022715,0.99890796504908],[1,-5.338469537574834,-8.488322071813597e-10,-0.43082807113554783]],[3,"mixamorig:LeftForeArm",10,[[2,"mixamorig:LeftHand",-17,[0,"47SXKZnd1Z/J/Kf9SNWrot",1,0],[1,-2.2204459996194763e-18,0.14244112372398376,1.4210854397564648e-16]]],[0,"38UMH8URRTGIv6hSwrBu99",1,0],[1,1.3877787497621727e-19,0.24587848782539368,0],[3,-0.012218481641252018,-0.00019900106059490336,0.01628351368519339,0.999792736664467],[1,-1.4003554039046175,-2.2399615041795595e-10,1.8661750462285556]],[1,"mixamorig:RightShoulder",3,[-18],[0,"c7wKQF7RZUeJW6FHrQWFmf",1,0],[1,-0.04387935623526573,0.08190187811851501,-0.00020705671340692788],[3,0.5279234080126183,-0.4700982297933615,0.5303916363660554,0.46796286358046457],[1,96.89422788716827,-90.26443626900421,0.00317755515297566]],[1,"mixamorig:RightArm",12,[-19],[0,"aaS3fQpMRXy72RPijdM3EW",1,0],[1,2.081668124643259e-19,0.09051240235567093,-2.8421708795129297e-16],[3,-0.04656642671204042,0.0002119780545308428,-0.00454717967249524,0.9989048233568616],[1,-5.338105169419554,-8.994740852711226e-10,-0.5216360922815164]],[3,"mixamorig:RightForeArm",13,[[2,"mixamorig:RightHand",-20,[0,"983Nnk3v9WqYEtBvZASZZB",1,0],[1,0,0.14240369200706482,0]]],[0,"62pl646CdV7ohMcPSgrhY+",1,0],[1,-1.3877787497621727e-19,0.2458799183368683,0],[3,-0.012203968259180275,0.00008782029273941544,-0.007195321919160589,0.9998996363579722],[1,-1.3985426762426516,-1.7660706339470473e-10,-0.8245916837680397]],[1,"mixamorig:LeftUpLeg",2,[-21],[0,"40AZOG3LlQZaEmmN3+00P1",1,0],[1,0.09393338114023209,-0.03239486739039421,0.0013717415276914835],[3,0.00033292486315689997,0.011748321553912129,0.9995296767231914,-0.02832474980178757],[1,-178.65100598935777,-179.92361258752598,-3.245537848327893]],[1,"mixamorig:LeftLeg",15,[-22],[0,"d40E+z7BpWgYxFd6IZGTKT",1,0],[1,0,0.1863606870174408,0],[3,-0.04331955275455012,0.000799717607370063,-0.018440414057366374,0.9988907487459714],[1,-4.966455585432296,3.4443781197322312e-9,-2.1152221047746815]],[1,"mixamorig:LeftFoot",16,[-23],[0,"d5LdTb3WlU57XTeT2uhe0f",1,0],[1,1.776356799695581e-17,0.1347339153289795,3.3306689994292145e-18],[3,0.5351539862192621,0.001840465007736947,-0.0011659427572016882,0.844751717547633],[1,64.70888225495966,0.2496608342048237,4.432303323564343e-9]],[3,"mixamorig:LeftToeBase",17,[[2,"mixamorig:LeftToe_End",-24,[0,"bcsZO7mz9fwobtkXM0kVhM",1,0],[1,1.776356799695581e-17,0.03915387764573097,1.3877787497621727e-19]]],[0,"03yRj18LdRaL5BFwmUY1Km",1,0],[1,3.552713599391162e-17,0.08083159476518631,-4.440891999238953e-18],[3,0.24880259007143588,-0.0025307296582371564,0.0006500971573620518,0.9685506925065039],[1,28.813434388465787,-0.2994160224103331,-4.787690266531413e-9]],[1,"mixamorig:RightUpLeg",2,[-25],[0,"5f46oBMWpWNYwSpTOuB8kf",1,0],[1,-0.09393338114023209,-0.03239486739039421,0.001179115497507155],[3,-0.00020649065713356093,0.007285448210205245,0.9995720322466755,0.028330759895138783],[1,-179.1634637359042,179.95262003016413,3.246641320641683]],[1,"mixamorig:RightLeg",19,[-26],[0,"17N0Kq6Mtf974StoVKACSe",1,0],[1,-1.776356799695581e-17,0.18632909655570984,2.2204459996194763e-18],[3,-0.031146977116378826,-0.0005754440211583615,0.01846299694149205,0.9993441111172012],[1,-3.5703673937630205,-5.800662559422064e-9,2.1168513549544783]],[1,"mixamorig:RightFoot",20,[-27],[0,"acnyTHAohcZ5MmeK8Yb4qQ",1,0],[1,1.776356799695581e-17,0.13461899757385254,-5.551114999048691e-19],[3,0.5273438007376955,-0.001800106109585962,0.0011172548214241538,0.8496493554303329],[1,63.65248201716841,-0.2427785745416976,4.734265035933989e-9]],[3,"mixamorig:RightToeBase",21,[[2,"mixamorig:RightToe_End",-28,[0,"616Dfu1E9eLZbafTfmou+Y",1,0],[1,-1.776356799695581e-17,0.03919718414545059,4.163336249286518e-19]]],[0,"42P7Pzgp9Zg6q3xq0EFvGy",1,0],[1,-1.776356799695581e-17,0.08038980513811111,4.440891999238953e-18],[3,0.2502737298297627,0.002576943207749962,-0.0006661435352967864,0.968171459904491],[1,28.987526312446025,0.30500304311899845,3.333334104048582e-9]]],0,[0,2,1,0,1,1,0,-1,4,0,-2,2,0,-1,5,0,-2,15,0,-3,19,0,-1,7,0,-2,9,0,-3,12,0,1,4,0,-1,6,0,-1,8,0,0,8,0,-1,10,0,-1,11,0,0,11,0,-1,13,0,-1,14,0,0,14,0,-1,16,0,-1,17,0,-1,18,0,0,18,0,-1,20,0,-1,21,0,-1,22,0,0,22,0,3,1,3,0,6,28],[0,0,0,0,0],[-1,4,5,-1,6],[1,2,3,0,0]]]]
