[1,["c2/iVFpUtCP7jUV8GXU2h1@1f586","c46RSHiolPM7wFTZcWk0Tl@6c48a","51X5RY35xFRopRwTLM3xKD","1audlTfShGCKNxIKNZ164E","89kf1PYAxO443bsD9kHAtI@cf5ee","f1Lk7l/oFGmqF8yOx44e6h@c00e2","75+kS1/UJOsZ+vqETD8tFu@c52b3","fflJiJclRET60nMRdltDdc@8dbda","fflJiJclRET60nMRdltDdc@438fe"],["_parent","node","mainTexture","_effectAsset","root","msr","data","_defaultClip","_mesh","_skeleton"],[["cc.Node",["_name","_prefab","_children","_lpos","_parent","_components","_lscale","_lrot","_euler"],2,4,2,5,1,9,5,5,5],["cc.Node",["_name","_parent","_prefab","_children","_lpos","_components","_lrot","_euler"],2,1,4,9,5,2,5,5],["cc.Material",["_name","_states","_defines","_props"],0,12],["cc.Prefab",["_name"],2],["cc.SkeletalAnimation",["node","__prefab","_clips","_defaultClip"],3,1,4,3,6],["cc.CompPrefabInfo",["fileId"],2],["b1660mQ0TBNtpwGCHPSffJ4",["node","__prefab","msr"],3,1,4,1],["cc.PrefabInfo",["fileId","root","asset"],2,1,1],["cc.SkinnedMeshRenderer",["node","__prefab","_materials","lightmapSettings","_skinningRoot"],3,1,4,3,4,1],["cc.ModelLightmapSettings",[],3],["cc.Skeleton",["_name","_hash","_joints","_bindposes"],0,12],["cc.Mesh",["_native","_hash","_struct"],1,11]],[[7,0,1,2,2],[0,0,4,2,1,3,7,8,2],[0,0,4,1,3,2],[1,0,1,3,2,4,6,7,2],[5,0,2],[0,0,4,2,1,3,2],[2,0,1,2,3,4],[3,0,2],[0,0,2,5,1,6,2],[0,0,2,1,3,2],[1,0,1,5,2,2],[1,0,1,3,2,4,2],[4,0,1,2,3,1],[6,0,1,2,1],[8,0,1,2,3,4,1],[9,1],[10,0,1,2,3,4],[11,0,1,2,3]],[[[[6,"ninja",[{"rasterizerState":{},"depthStencilState":{},"blendState":{"targets":[{}]}},{"rasterizerState":{},"depthStencilState":{},"blendState":{"targets":[{}]}},{"rasterizerState":{},"depthStencilState":{},"blendState":{"targets":[{}]}},{"rasterizerState":{},"depthStencilState":{},"blendState":{"targets":[{}]}}],[{"USE_INSTANCING":true},{"USE_INSTANCING":true,"USE_BASE_COLOR_MAP":true,"BASE_COLOR_MAP_AS_SHADE_MAP_1":true,"BASE_COLOR_MAP_AS_SHADE_MAP_2":true},{},{}],[[{},[{},"hitColor",8,[4,4289506476],"mainColor",8,[4,4294967295],"specular",8,[4,16777215],"mainTexture",6,0],{},{}],0,11,0,0]]],0,0,[0,0],[2,3],[1,2]],[[[7,"enemyNinja"],[8,"enemyNinja",[-5,-6],[[12,-2,[4,"ebVq4q1b1Jka/i6j+Y6v2u"],[1,2,3,4],5],[13,-4,[4,"0d6kbQRlFPE4mBj1oORxYt"],-3]],[0,"1ammkHLApDb4mtXioFQ21U",-1,0],[1,1.2,1.2,1.2]],[5,"mixamorig:Hips",1,[-7,-8,-9],[0,"80BZWPet5ILYg3NRfU+LNn",1,0],[1,0,0.3668709695339203,-0.003257104428485036]],[9,"mixamorig:Spine2",[-10,-11,-12],[0,"b0B62iIzpKi6G4JTaaGslq",1,0],[1,0,0.08365803956985474,0]],[10,"anim",1,[-13],[0,"33mIodraVEjq5LU/LizLVE",1,0]],[14,4,[4,"9aWdS9pVhF9rT1o2//coFN"],[0],[15],1],[1,"mixamorig:Spine",2,[-14],[0,"96YvkFRQVF9IN4XleWlnfd",1,0],[1,0,0.06273952126502991,0.000709863321390003],[3,0.005656950025143447,0,0,0.9999839993301959],[1,0.6482421801543363,0,0]],[5,"mixamorig:Spine1",6,[3],[0,"ff5RMoChxHJrorkWxrqZtf",1,0],[1,0,0.07320082932710648,-2.2204459996194763e-18]],[1,"mixamorig:Neck",3,[-15],[0,"bfhGQKqR9OXIuaz6d52wBz",1,0],[1,0,0.09411533176898956,-8.060175304969164e-10],[3,-0.005656956544192672,0,0,0.9999839992933173],[1,-0.6482429271943034,0,0]],[11,"mixamorig:Head",8,[[2,"mixamorig:HeadTop_End",-16,[0,"b4gte9CA9FDIFlqjfGv9oo",1,0],[1,0,0.4113401174545288,0.012142281979322433]]],[0,"2ewrs3Yh9BZ40qXwNef6mt",1,0],[1,0,0.004877548199146986,0.00014397963241208345]],[1,"mixamorig:LeftShoulder",3,[-17],[0,"781dhuDEpJ75vsWOz75HNe",1,0],[1,0.04723475128412247,0.0887347012758255,0.00036787422141060233],[3,0.5292318473618655,0.46943381520019845,-0.5251516113958303,0.47303417417021354],[1,96.4156936316196,89.55908420467088,0.002826563724624566]],[1,"mixamorig:LeftArm",10,[-18],[0,"66lPb6hy9CS4d0kgrKF30C",1,0],[1,2.2204459996194763e-18,0.0962771475315094,0],[3,-0.04359933265844122,0.00023831464409929562,-0.005460736687739865,0.9990341444378646],[1,-4.997774417300135,-1.012381901439118e-9,-0.6263530651823705]],[3,"mixamorig:LeftForeArm",11,[[2,"mixamorig:LeftHand",-19,[0,"02l/WCb8JNwIjKGCX5Pi+a",1,0],[1,-4.440891999238953e-18,0.14369086921215057,-1.4210854397564648e-16]]],[0,"c8cLHPJlVAs44j68EdkeTw",1,0],[1,-1.1102229998097382e-18,0.2333143949508667,0],[3,-0.005404089501178038,-0.0001179571101314733,0.021821861778479477,0.9997472621874511],[1,-0.6194135589756916,-4.331383086409604e-10,2.50083620723059]],[1,"mixamorig:RightShoulder",3,[-20],[0,"d7b2vb9bBK6qVnJbhVhd5h",1,0],[1,-0.04723475128412247,0.08872775733470917,-0.00024603947531431913],[3,0.5258635357109857,-0.4724016852631494,0.52859277282932,0.46999347876612907],[1,96.42402101441637,-90.2949223581039,0.0018719292491779448]],[1,"mixamorig:RightArm",13,[-21],[0,"25Ohm6O2hCga5AdqJS6vsb",1,0],[1,1.1102229998097382e-18,0.0962771475315094,-1.4210854397564648e-16],[3,-0.04371260469408467,0.0001952320012828209,-0.004461949215630083,0.9990341641227899],[1,-5.010742124348905,1.9462644090357637e-9,-0.511792624988238]],[3,"mixamorig:RightForeArm",14,[[2,"mixamorig:RightHand",-22,[0,"4dZApq+7BD8oYIz8/tOj8h",1,0],[1,4.440891999238953e-18,0.14368373155593872,-1.4210854397564648e-16]]],[0,"a5vx6OaZBFnaX9qOrHBqr6",1,0],[1,1.1102229998097382e-18,0.2333143949508667,2.8421708795129297e-16],[3,-0.005315768503051748,0.00009427811112493508,-0.017732515833045227,0.9998286311158981],[1,-0.6092408656425035,6.472842357319612e-10,-2.0321318643482575]],[1,"mixamorig:LeftUpLeg",2,[-23],[0,"f6gACIZahMkIp1lwLZTSuQ",1,0],[1,0.10568530112504959,-0.03486949950456619,0.004607629030942917],[3,-0.00010648142695862336,-0.002889520466052109,0.9993175189918511,-0.036825746009460696],[1,179.66775901949975,179.9755465872779,-4.220820973111876]],[1,"mixamorig:LeftLeg",16,[-24],[0,"35FAbw8rBHHrph5bf3nsVf",1,0],[1,-1.776356799695581e-17,0.162703275680542,1.3877787497621727e-19],[3,-0.020123109489378614,0.0006133181241042058,-0.030457975748388908,0.9993332757487202],[1,-2.3071651368136536,3.3554469175951576e-9,-3.491474657145168]],[1,"mixamorig:LeftFoot",17,[-25],[0,"01kQVx8ZpFoZEV95UdJIS5",1,0],[1,0,0.12553615868091583,-2.2204459996194763e-18],[3,0.5372859765005551,-0.0038134401628572793,0.0024293774885259523,0.8433880099070578],[1,64.99889408022399,-0.5181305231972797,-8.750933424028512e-9]],[3,"mixamorig:LeftToeBase",18,[[2,"mixamorig:LeftToe_End",-26,[0,"b92tonRG9Jrpd4xEReLXta",1,0],[1,1.776356799695581e-17,0.043289948254823685,9.71445150682915e-19]]],[0,"54b/zNIAZAK5KJtmQuaxA1",1,0],[1,1.776356799695581e-17,0.09034477174282074,4.440891999238953e-18],[3,0.23260879414318406,0.012954908366160188,-0.003098704838538111,0.9724791603241695],[1,26.903854093784442,1.5264443781380113,-3.050267045785281e-8]],[1,"mixamorig:RightUpLeg",2,[-27],[0,"173tnXzCJMTo5XnVFtKN5y",1,0],[1,-0.10568530112504959,-0.03486949950456619,0.004087473265826702],[3,0.00015725536943555078,-0.004267426089800506,0.9993126116366502,0.03682483630994625],[1,179.50932485641698,-179.9638865569097,4.220653997337519]],[1,"mixamorig:RightLeg",20,[-28],[0,"abRnqVt0tErq9mxnWbYkTB",1,0],[1,-1.776356799695581e-17,0.16270646452903748,1.1102229998097382e-18],[3,-0.0027899825269377555,-0.00008502901413009736,0.030462277314947505,0.9995320197114015],[1,-0.3198573040180485,-9.047633288147685e-11,3.491273548578801]],[1,"mixamorig:RightFoot",21,[-29],[0,"ac2fbHiB1GrIvFry6rEfT5",1,0],[1,0,0.12541617453098297,-1.1102229998097382e-18],[3,0.5188911003245741,0.004048461593002736,-0.0024574680918884716,0.8548272321429987],[1,62.51657618392003,0.5427015390815113,4.990027949151204e-9]],[3,"mixamorig:RightToeBase",22,[[2,"mixamorig:RightToe_End",-30,[0,"3b9teM67tCW4/JELPoKZBq",1,0],[1,0,0.04355573281645775,6.938894007304805e-19]]],[0,"90GnQptmBKkLbAaez63WyR",1,0],[1,0,0.08841002732515335,8.881783998477905e-18],[3,0.238231087556906,-0.013048219213297683,0.003200948867875746,0.9711155682117144],[1,27.56685958990058,-1.5395961681931885,-2.0078850351212222e-8]]],0,[0,4,1,0,1,1,0,5,5,0,1,1,0,-1,4,0,-2,2,0,-1,6,0,-2,16,0,-3,20,0,-1,8,0,-2,10,0,-3,13,0,-1,5,0,-1,7,0,-1,9,0,0,9,0,-1,11,0,-1,12,0,0,12,0,-1,14,0,-1,15,0,0,15,0,-1,17,0,-1,18,0,-1,19,0,0,19,0,-1,21,0,-1,22,0,-1,23,0,0,23,0,6,1,3,0,7,30],[0,0,0,0,0,0,5,5],[-1,-1,-2,-3,-4,7,8,9],[3,4,5,6,0,0,7,8]],[[[16,"Skin-0",4022098388,["mixamorig:Hips","mixamorig:Hips/mixamorig:LeftUpLeg","mixamorig:Hips/mixamorig:RightUpLeg","mixamorig:Hips/mixamorig:Spine/mixamorig:Spine1/mixamorig:Spine2","mixamorig:Hips/mixamorig:Spine/mixamorig:Spine1/mixamorig:Spine2/mixamorig:LeftShoulder","mixamorig:Hips/mixamorig:Spine/mixamorig:Spine1/mixamorig:Spine2/mixamorig:LeftShoulder/mixamorig:LeftArm","mixamorig:Hips/mixamorig:LeftUpLeg/mixamorig:LeftLeg","mixamorig:Hips/mixamorig:LeftUpLeg/mixamorig:LeftLeg/mixamorig:LeftFoot","mixamorig:Hips/mixamorig:LeftUpLeg/mixamorig:LeftLeg/mixamorig:LeftFoot/mixamorig:LeftToeBase","mixamorig:Hips/mixamorig:Spine/mixamorig:Spine1/mixamorig:Spine2/mixamorig:Neck/mixamorig:Head","mixamorig:Hips/mixamorig:Spine/mixamorig:Spine1/mixamorig:Spine2/mixamorig:Neck","mixamorig:Hips/mixamorig:Spine/mixamorig:Spine1/mixamorig:Spine2/mixamorig:LeftShoulder/mixamorig:LeftArm/mixamorig:LeftForeArm","mixamorig:Hips/mixamorig:Spine/mixamorig:Spine1/mixamorig:Spine2/mixamorig:LeftShoulder/mixamorig:LeftArm/mixamorig:LeftForeArm/mixamorig:LeftHand","mixamorig:Hips/mixamorig:Spine","mixamorig:Hips/mixamorig:Spine/mixamorig:Spine1","mixamorig:Hips/mixamorig:Spine/mixamorig:Spine1/mixamorig:Spine2/mixamorig:RightShoulder","mixamorig:Hips/mixamorig:Spine/mixamorig:Spine1/mixamorig:Spine2/mixamorig:RightShoulder/mixamorig:RightArm","mixamorig:Hips/mixamorig:RightUpLeg/mixamorig:RightLeg","mixamorig:Hips/mixamorig:RightUpLeg/mixamorig:RightLeg/mixamorig:RightFoot","mixamorig:Hips/mixamorig:RightUpLeg/mixamorig:RightLeg/mixamorig:RightFoot/mixamorig:RightToeBase","mixamorig:Hips/mixamorig:Spine/mixamorig:Spine1/mixamorig:Spine2/mixamorig:RightShoulder/mixamorig:RightArm/mixamorig:RightForeArm","mixamorig:Hips/mixamorig:Spine/mixamorig:Spine1/mixamorig:Spine2/mixamorig:RightShoulder/mixamorig:RightArm/mixamorig:RightForeArm/mixamorig:RightHand"],[[[7,1,0,0,0,0,1,4.371138828673793e-8,0,0,-4.371138828673793e-8,1,0,0,-0.3668709695339203,0.003257104428485036,1],[7,-0.9972876906394958,0.07360184192657471,1.8655855426836216e-19,0,-0.07360061258077621,-0.9972710013389587,-0.0057828957214951515,0,-0.00042563179158605635,-0.005767210852354765,0.9999832510948181,0,0.12983474135398865,0.323324590921402,0.0005694425199180841,1],[7,-0.9972878098487854,-0.0736003965139389,3.764652823322764e-18,0,0.07359770685434341,-0.9972514510154724,-0.008540523238480091,0,0.0006285858689807355,-0.00851736031472683,0.9999635219573975,0,-0.12983372807502747,0.3233175277709961,0.0020051419269293547,1],[7,1,0,0,0,0,0.9999359846115112,-0.01131368800997734,0,0,0.01131368800997734,0.9999359846115112,0,0,-0.5864130258560181,0.007407576777040958,1],[7,0.007695337757468224,0.9937079548835754,-0.11173748224973679,0,0.011362665332853794,-0.11182047426700592,-0.9936634302139282,0,-0.9999058246612549,0.006376940291374922,-0.012151667848229408,0,-0.007436276879161596,0.028558045625686646,0.6761910319328308,1],[7,-0.003168045077472925,0.9996888637542725,-0.024741608649492264,0,0.012584375217556953,-0.024699918925762177,-0.9996157288551331,0,-0.9999157786369324,-0.003478185273706913,-0.012502209283411503,0,-0.006695547141134739,-0.12644635140895844,0.66771399974823,1],[7,-0.9999189376831055,0.012720066122710705,0.0005124839372001588,0,-0.012730172835290432,-0.9988588690757751,-0.04603102058172226,0,-0.000073618495662231,-0.046033814549446106,0.9989398717880249,0,0.11981190741062164,0.16807082295417786,0.007341377902776003,1],[7,-0.9998734593391418,0.014035367406904697,-0.0074900370091199875,0,-0.013145909644663334,-0.46376538276672363,0.8858605027198792,0,0.008959758095443249,0.8858468532562256,0.4638911783695221,0,0.11987339705228806,0.02364795282483101,-0.035904452204704285,1],[7,-0.9993190765380859,-0.00292389839887619,-0.03678010776638985,0,-0.03673908859491348,-0.01302419789135456,0.9992400407791138,0,-0.0034007076174020767,0.9999108910560608,0.012907908298075199,0,0.12078729271888733,-0.07427392154932022,0.0010205258149653673,1],[7,1,0,0,0,0,1,4.371138828673793e-8,0,0,-4.371138828673793e-8,1,0,0,-0.6854461431503296,-0.00043619153439067304,1],[7,1,0,0,0,0,1,4.371138828673793e-8,0,0,-4.371138828673793e-8,1,0,0,-0.6805686354637146,-0.00029221188742667437,1],[7,0.04045536369085312,0.9990840554237366,-0.013941729441285133,0,0.011494633741676807,-0.014417584985494614,-0.9998300075531006,0,-0.9991152286529541,0.040288232266902924,-0.012067374773323536,0,-0.022386958822607994,-0.3663233518600464,0.663792610168457,1],[7,0.04045536369085312,0.9990840554237366,-0.013941729441285133,0,0.011494633741676807,-0.014417584985494614,-0.9998300075531006,0,-0.9991152286529541,0.040288232266902924,-0.012067374773323536,0,-0.022386958822607994,-0.5100142359733582,0.663792610168457,1],[7,1,0,0,0,0,0.9999359846115112,-0.011313674971461296,0,0,0.011313674971461296,0.9999359846115112,0,0,-0.42955416440963745,0.007407570257782936,1],[7,1,0,0,0,0,0.9999359846115112,-0.01131368800997734,0,0,0.01131368800997734,0.9999359846115112,0,0,-0.5027549862861633,0.007407576777040958,1],[7,-0.005147394724190235,-0.9937079548835754,0.11188391596078873,0,-0.011280852369964123,-0.11182057857513428,-0.9936643838882446,0,0.9999231100082397,-0.006376929115504026,-0.010634288191795349,0,0.007388310041278601,0.028561841696500778,0.6761910915374756,1],[7,0.003728955751284957,-0.9996888637542725,0.02466282621026039,0,-0.010281582362949848,-0.024700023233890533,-0.999642014503479,0,0.9999402165412903,0.0034740478731691837,-0.010370488278567791,0,0.007992872036993504,-0.12644831836223602,0.6676985025405884,1],[7,-0.9999189376831055,-0.012732244096696377,-0.0000710792955942452,0,0.012731977738440037,-0.9998192191123962,-0.014122268185019493,0,0.00010874171857722104,-0.014122028835117817,0.9999002814292908,0,-0.11981211602687836,0.16820557415485382,0.0029442012310028076,1],[7,-0.9998733997344971,-0.01434104423969984,0.006891737692058086,0,0.012865169905126095,-0.4738294780254364,0.880522608757019,0,-0.009362105280160904,0.8804998397827148,0.4739540219306946,0,-0.11983463168144226,0.021352021023631096,-0.03712543472647667,1],[7,-0.9993273019790649,0.0029076961800456047,0.03655843064188957,0,0.036518219858407974,-0.012852136977016926,0.9992503523826599,0,0.0033753702882677317,0.9999131560325623,0.012737306766211987,0,-0.12078884989023209,-0.07512981444597244,0.0009887381456792355,1],[7,0.03917553648352623,-0.9991337060928345,0.014039772562682629,0,-0.00939925480633974,-0.014418404549360275,-0.9998518824577332,0,0.9991881251335144,0.03903776779770851,-0.00995596032589674,0,0.020745016634464264,-0.36633241176605225,0.6638408303260803,1],[7,0.03917553648352623,-0.9991337060928345,0.014039772562682629,0,-0.00939925480633974,-0.014418404549360275,-0.9998518824577332,0,0.9991881251335144,0.03903776779770851,-0.00995596032589674,0,0.020745016634464264,-0.510016143321991,0.6638408303260803,1]],8,8,8,8,8,8,8,8,8,8,8,8,8,8,8,8,8,8,8,8,8,8]]],0,0,[],[],[]],[[[17,".bin",2761503405,[{"primitives":[{"primitiveMode":7,"jointMapIndex":0,"vertexBundelIndices":[0],"indexView":{"offset":34232,"length":4608,"count":1152,"stride":4}}],"vertexBundles":[{"view":{"offset":0,"length":34232,"count":389,"stride":88},"attributes":[{"name":"a_position","format":32,"isNormalized":false},{"name":"a_normal","format":32,"isNormalized":false},{"name":"a_texCoord","format":21,"isNormalized":false},{"name":"a_tangent","format":44,"isNormalized":false},{"name":"a_joints","format":42,"isNormalized":false},{"name":"a_weights","format":44,"isNormalized":false},{"name":"a_color","format":44,"isNormalized":false}]}],"jointMaps":[[0,1,2,3,4,5,6,7,8,9,10,11,12,13,14,15,16,17,18,19,20,21]]},"minPosition",8,[1,-0.6002114415168762,0.0007099809590727091,-0.41948211193084717],"maxPosition",8,[1,0.6002114415168762,1.180467128753662,0.2085605412721634]]],-1],0,0,[],[],[]]]]
