[1,["2bVpkhSIRBO4Xa5o314C6l@6c48a","51X5RY35xFRopRwTLM3xKD","a5BrV2bNlFsJYWll55HhpM","f5NEBQB1RCjaAv7Hgz5wiY@106bc","1cISNqkcpI+bF15n4+T3ST","501exbFlxPnZw+pbJ1TB16","bfEjd5ut1Is4KYja0YbeDm","98fw25FgBCs7CHnzYJkwjU@d7bab","c2/iVFpUtCP7jUV8GXU2h1@1f586","beOCtaC7RHG6u+Q11ZgWka@09540","84S7xwDPpB2rULpG/4MLaJ@24f58","24WK3zUFRKErZUb8m2q/cg@ee525","8betWvy9NP0rqfeLqdw6iE@ea9ce","8betWvy9NP0rqfeLqdw6iE@30732","8betWvy9NP0rqfeLqdw6iE@bc379","8betWvy9NP0rqfeLqdw6iE@f1394","8betWvy9NP0rqfeLqdw6iE@1d034","8betWvy9NP0rqfeLqdw6iE@75ee4","8betWvy9NP0rqfeLqdw6iE@7c6c5","8betWvy9NP0rqfeLqdw6iE@a72ab","cfouBPvxpGYoJUb4JfqxnH@643ac"],["_parent","_mesh","mainTexture","_effectAsset","node","_skeleton","msr","root","target","hand","msrC","msrB","msrA","data","_defaultClip"],[["cc.Node",["_name","_prefab","_lpos","_children","_parent","_lrot","_euler","_components"],2,4,5,2,1,5,5,9],["cc.Node",["_name","_parent","_prefab","_children","_lpos","_components","_lrot","_euler"],2,1,4,9,5,12,5,5],["cc.Node",["_name","_active","_parent","_components","_prefab"],1,1,2,4],["cc.PrefabInfo",["fileId","targetOverrides","root","asset"],1,1,1],["cc.Material",["_name","_states","_defines","_props"],0,12],["cc.Prefab",["_name"],2],["cc.SkeletalAnimation",["node","__prefab","_clips","_sockets","_defaultClip"],3,1,4,3,9,6],["cc.CompPrefabInfo",["fileId"],2],["cc.SkeletalAnimation.Socket",["path","target"],2,1],["392b793xh5PkZRIXhMHN8E/",["node","__prefab","hand"],3,1,4,1],["7776b2d9YtMeJ+Pn9CIG0ya",["node","__prefab","msr","msrA","msrB","msrC"],3,1,4,1,1,1,1],["b1660mQ0TBNtpwGCHPSffJ4",["node","__prefab","msr"],3,1,4,1],["cc.SkinnedMeshRenderer",["node","__prefab","_materials","lightmapSettings","_skinningRoot"],3,1,4,3,4,1],["cc.ModelLightmapSettings",[],3],["cc.MeshRenderer",["node","__prefab","_materials","lightmapSettings"],3,1,4,3,4],["cc.Mesh",["_native","_hash","_struct"],1,11],["cc.Skeleton",["_name","_hash","_joints","_bindposes"],0,12]],[[3,0,2,3,2],[0,0,4,3,1,2,5,6,2],[7,0,2],[0,0,4,1,2,2],[13,1],[15,0,1,2,3],[4,0,1,2,3,4],[1,0,1,3,2,4,6,7,2],[12,0,1,2,3,4,1],[16,0,1,2,3,4],[2,0,1,2,3,4,3],[2,0,2,3,4,2],[5,0,2],[0,0,3,7,1,2],[0,0,3,1,2,2],[0,0,4,1,2,5,6,2],[0,0,4,3,1,2,2],[1,0,1,5,2,2],[1,0,1,3,2,4,2],[6,0,1,2,3,4,1],[8,0,1,2],[9,0,1,2,1],[10,0,1,2,3,4,5,1],[3,0,1,2,3,3],[11,0,1,2,1],[14,0,1,2,3,1]],[[[[6,"player-A",[{"rasterizerState":{},"depthStencilState":{},"blendState":{"targets":[{}]}},{"rasterizerState":{},"depthStencilState":{},"blendState":{"targets":[{}]}},{"rasterizerState":{},"depthStencilState":{},"blendState":{"targets":[{}]}},{"rasterizerState":{},"depthStencilState":{},"blendState":{"targets":[{}]}}],[{"USE_INSTANCING":true},{"USE_INSTANCING":true,"USE_BASE_COLOR_MAP":true,"BASE_COLOR_MAP_AS_SHADE_MAP_1":true,"BASE_COLOR_MAP_AS_SHADE_MAP_2":true},{},{}],[[{},[{},"hitColor",8,[4,4285559039],"mainColor",8,[4,4294967295],"specular",8,[4,1473039564],"mainTexture",6,0],{},{}],0,11,0,0]]],0,0,[0,0],[2,3],[0,1]],[[[6,"playerGiant",[{"rasterizerState":{},"depthStencilState":{},"blendState":{"targets":[{}]}},{"rasterizerState":{},"depthStencilState":{},"blendState":{"targets":[{}]}},{"rasterizerState":{},"depthStencilState":{},"blendState":{"targets":[{}]}},{"rasterizerState":{},"depthStencilState":{},"blendState":{"targets":[{}]}}],[{"USE_INSTANCING":true,"USE_BASE_COLOR_MAP":true},{"USE_INSTANCING":true,"USE_BASE_COLOR_MAP":true,"BASE_COLOR_MAP_AS_SHADE_MAP_1":true,"BASE_COLOR_MAP_AS_SHADE_MAP_2":true},{},{}],[[{},[{},"hitColor",8,[4,4285559039],"mainColor",8,[4,4294967295],"mainTexture",6,0],{},{}],0,11,0,0]]],0,0,[0,0],[2,3],[0,1]],[[[12,"playerGiant"],[13,"playerGiant",[-11,-12,-13,-14,-15,-16,-17],[[19,-3,[2,"91isq5fa9PoKq8K3liUuD/"],[5,6,7,8,9,10],[[20,"mixamorig:Hips/mixamorig:Spine/mixamorig:Spine1/mixamorig:Spine2/mixamorig:RightShoulder/mixamorig:RightArm/mixamorig:RightForeArm/mixamorig:RightHand",-2]],11],[21,-5,[2,"2dKuaLEgxPlpHUCR7U2YiF"],-4],[22,-10,[2,"4ek1Y0Ot1ChJ0MVRRmnXDt"],-9,-8,-7,-6]],[23,"9bIG9Wtq5FtpPg7WZRXaZc",[],-1,0]],[1,"mixamorig:Hips",1,[-18,-19,-20],[0,"51oV/9LGtMcbVZKhhMASKH",1,0],[1,0.000010189908607571851,0.5973188281059265,-0.0029328870587050915],[3,-9.750470986272554e-8,0.0000022456299524522224,-0.00006729309082610367,0.9999999977332938],[1,-0.000011155900244245722,0.00025732948711519913,-0.007711220220343811]],[14,"mixamorig:Spine2",[-21,-22,-23],[0,"5et9uvWDdK3qplTIXERk5V",1,0],[1,0,0.10046989470720291,1.907348590179936e-8]],[15,"mixamorig:RightHand Socket",1,[0,"c0gT0yQlxNg43V4z3V91ry",1,0],[1,-0.6982981537756147,0.891719904985699,-0.06847958126245143],[3,0.5191058796723274,-0.5191034630282527,0.48013631825602826,0.48013518539390637],[1,90.0002067114324,-89.9999183273545,-4.466640217906674]],[17,"shield",1,[[-24,[24,-26,[2,"dd1ZK0XNNLELnSlTKguGw0"],-25]],1,4],[0,"35YDpVZq1LVZ4HCg4JiPt3",1,0]],[10,"A",false,1,[-27],[0,"a98mFJE8NPCoqwGNQQnKwY",1,0]],[8,6,[2,"deG6cV8xZOGJB2YbSqbH3G"],[0],[4],1],[10,"B",false,1,[-28],[0,"423QDGaw1OMJI1Kn+D9GZZ",1,0]],[8,8,[2,"1fwj5cEkdMnJVk06XZiZqc"],[1],[4],1],[11,"Protagonist",1,[-29],[0,"abi8Ypw+dLVJ3e0m4G44TN",1,0]],[8,10,[2,"2ewU19PT5OVINtQI0fKLb6"],[2],[4],1],[11,"C",1,[-30],[0,"d5Klu2tvlHPq29Sx4yKTRW",1,0]],[8,12,[2,"43dMKYAU1FEYfcxF7BLj1k"],[3],[4],1],[1,"mixamorig:Spine",2,[-31],[0,"312zPFefNGrJyT2Qg6JAVX",1,0],[1,4.656612768993984e-12,0.07420238852500916,-0.013114392757415771],[3,-0.08735420528235155,-0.000008115336616162525,0.00006683968947606267,0.9961773126738463],[1,-10.022829207070327,-0.0002573252335066381,0.007711220235285706]],[16,"mixamorig:Spine1",14,[3],[0,"4a6sjAqXBJG58ov5UxEKsT",1,0],[1,-9.313225537987968e-12,0.08791106939315796,-9.53674295089968e-9]],[1,"mixamorig:Neck",3,[-32],[0,"09At9Z3RJODqf7vBQSoQfS",1,0],[1,0,0.11302856355905533,0],[3,0.08735433856744143,-2.260725656362438e-14,-2.302275908393793e-13,0.9961773032615452],[1,10.02284453356523,-2.761034294463899e-13,-2.650758786726239e-11]],[18,"mixamorig:Head",16,[[3,"mixamorig:HeadTop_End",-33,[0,"84nZuE4z5DPKI5F5u2/3+t",1,0],[1,-4.33680859300679e-21,0.7726345658302307,0.13723748922348022]]],[0,"dcYUj+qjxGjbVLl2Qkmxnj",1,0],[1,4.33680859300679e-21,0.011932449415326118,0.002119474345818162]],[1,"mixamorig:LeftShoulder",3,[-34],[0,"daeISJJDtI9rvjhaLyvpxL",1,0],[1,0.09183435142040253,0.07819130271673203,-0.006165408995002508],[3,-0.5364651706560218,-0.45185622796673125,0.5615726141130344,-0.4389387986940043],[1,101.90703133478512,92.23951803244871,-0.46878556675477645]],[1,"mixamorig:LeftArm",18,[-35],[0,"b8Z2na7SRD0L8mSmIdhcEx",1,0],[1,1.907348590179936e-8,0.1967712789773941,3.0517577442878974e-7],[3,-0.10523348235668757,0.13911536248721196,0.004974568697167507,0.9846563277496436],[1,-12.043913219280961,15.965639532126888,-1.1163475150946658]],[7,"mixamorig:LeftForeArm",19,[[3,"mixamorig:LeftHand",-36,[0,"62HJGYiuRHa5rtPWjWHSnR",1,0],[1,0,0.2120334655046463,1.5258788721439487e-7]]],[0,"5fENC429FLVZn9ShGUuEz9",1,0],[1,-9.53674295089968e-9,0.2022041529417038,0],[3,3.5805314922941463e-7,-0.003023668247546073,4.72986821020983e-7,0.9999954287045402],[1,0.00004119356474250706,-0.34648738644926197,0.00005407598874321965]],[1,"mixamorig:RightShoulder",3,[-37],[0,"d8X5wPRspEELymDG29q5ph",1,0],[1,-0.09183435142040253,0.07818839699029922,-0.006149139255285263],[3,0.5365281599939399,-0.451815239017894,0.5615282548900591,0.4389607525563595],[1,101.90910947266043,-92.22955615689476,0.4672255031150245]],[1,"mixamorig:RightArm",21,[-38],[0,"1d8whfeShEyaPghXggaqV3",1,0],[1,-9.53674295089968e-9,0.19677139818668365,0],[3,-0.10521143502224993,-0.13383397240395978,-0.0054495985656904476,0.9853879051655788],[1,-12.05429579949219,-15.363606658490008,0.9982456296336851]],[7,"mixamorig:RightForeArm",22,[[3,"mixamorig:RightHand",-39,[0,"23jY3cxRRDra6Gz7O7huwm",1,0],[1,-1.907348590179936e-8,0.21192961931228638,0]]],[0,"79yfbaLPhOPK/NHqXFBw3D",1,0],[1,-1.907348590179936e-8,0.20215104520320892,0],[3,-1.0139603297029803e-7,0.002441133606930068,-3.8047409159530956e-7,0.9999970204288402],[1,-0.000011512663601698368,0.27973358363367373,-0.000043627353265794704]],[1,"mixamorig:LeftUpLeg",2,[-40],[0,"aaALhABSZJIomkgZNKSwsJ",1,0],[1,0.08693388849496841,-0.04118320345878601,0.0012354833306744695],[3,-0.0005359499999604246,0.0012528104555867476,0.9999963520054467,-0.002332209115541617],[1,-179.85658054303258,179.9389190170196,-0.2673284153061949]],[1,"mixamorig:LeftLeg",24,[-41],[0,"72FmEi+s1MQ4ipPpYHvKcO",1,0],[1,3.814697180359872e-8,0.24678196012973785,5.9604643443123e-10],[3,-0.036231112361157135,-0.000005612077626777376,-0.004787836772232912,0.999331968409207],[1,-4.152834328710148,-0.020521650372616846,-0.5482642343652471]],[1,"mixamorig:LeftFoot",25,[-42],[0,"26EhT/SFZE1Yj6LsQ8yVrA",1,0],[1,3.814697180359872e-8,0.22555439174175262,-4.440891999238953e-18],[3,0.41113658935783626,0.060628252781378004,-0.01895702779487802,0.9093577684020011],[1,48.60145290180715,7.2309005963763395,0.8809885593020487]],[7,"mixamorig:LeftToeBase",26,[[3,"mixamorig:LeftToe_End",-43,[0,"1aWBi8qJVGPYQZ8ZVbMXkC",1,0],[1,0,0.05322890728712082,0]]],[0,"94yHDfQgNEyKcE8XuKgYby",1,0],[1,-1.907348590179936e-8,0.11672049760818481,1.3322675997716858e-17],[3,0.38441588494794715,-0.030615971574601247,0.012757123122773186,0.9225640061772734],[1,45.24123440409916,-3.8014107412394984,-3.656558405412002e-7]],[1,"mixamorig:RightUpLeg",2,[-44],[0,"d6hDBZ+blJwZ7aXVTtXyn0",1,0],[1,-0.08693385124206543,-0.04118320345878601,0.0014138800324872136],[3,0.0005906873356101054,0.005155955519757348,0.9999841007771989,0.0022057660725356156],[1,-179.4093134889861,-179.93361586142896,0.25310797280228914]],[1,"mixamorig:RightLeg",28,[-45],[0,"10LPYBzmVNrIzQ6U6U1MQB",1,0],[1,-3.814697180359872e-8,0.2469460666179657,-1.1102229998097382e-18],[3,-0.04482062075884736,0.000003816838598444375,0.004795070180913088,0.9989835430287043],[1,-5.137965170926523,0.025065875190231558,0.548904843276936]],[1,"mixamorig:RightFoot",29,[-46],[0,"e6Qtm9tZpM/75ee16FK6UP",1,0],[1,0,0.2255837619304657,-4.440891999238953e-18],[3,0.42376106146529036,-0.05840179582161699,0.018374468770934734,0.9037024797620102],[1,50.188580923488814,-6.958161391676068,-0.9332008895551845]],[7,"mixamorig:RightToeBase",30,[[3,"mixamorig:RightToe_End",-47,[0,"afFwAABM9I0YjxknOC7o9H",1,0],[1,-1.907348590179936e-8,0.05331623926758766,-5.9604643443123e-10]]],[0,"65o2WxrLJO34R2vUuF2yAI",1,0],[1,0,0.11889234185218811,-4.76837147544984e-9],[3,0.37590997629103234,0.028392865663143318,-0.011524227208047882,0.926149408622371],[1,44.18297248601466,3.511921264180402,6.009987262010539e-7]],[25,5,[2,"a7fWn8nh5JnawxdL9+cIBZ"],[4],[4]]],0,[0,7,1,0,8,4,0,4,1,0,9,4,0,4,1,0,10,13,0,11,9,0,12,7,0,6,11,0,4,1,0,-1,6,0,-2,8,0,-3,10,0,-4,12,0,-5,2,0,-6,4,0,-7,5,0,-1,14,0,-2,24,0,-3,28,0,-1,16,0,-2,18,0,-3,21,0,-1,32,0,6,32,0,4,5,0,-1,7,0,-1,9,0,-1,11,0,-1,13,0,-1,15,0,-1,17,0,0,17,0,-1,19,0,-1,20,0,0,20,0,-1,22,0,-1,23,0,0,23,0,-1,25,0,-1,26,0,-1,27,0,0,27,0,-1,29,0,-1,30,0,-1,31,0,0,31,0,13,1,3,0,15,47],[0,0,0,0,0,0,0,0,0,0,0,0,7,7,9,9,11,11,13,13,32],[-1,-1,-1,-1,-1,-1,-2,-3,-4,-5,-6,14,1,5,1,5,1,5,1,5,1],[4,2,5,2,6,7,8,9,10,3,11,3,12,13,14,15,16,17,18,19,20]],[[[5,".bin",3259720899,[{"primitives":[{"primitiveMode":7,"jointMapIndex":0,"vertexBundelIndices":[0],"indexView":{"offset":145512,"length":31488,"count":7872,"stride":4}}],"vertexBundles":[{"view":{"offset":0,"length":145512,"count":2021,"stride":72},"attributes":[{"name":"a_position","format":32,"isNormalized":false},{"name":"a_normal","format":32,"isNormalized":false},{"name":"a_texCoord","format":21,"isNormalized":false},{"name":"a_tangent","format":44,"isNormalized":false},{"name":"a_joints","format":42,"isNormalized":false},{"name":"a_weights","format":44,"isNormalized":false}]}],"jointMaps":[[0,1,2,3,4,5,6,7,8,9,10,11,12,13,14,15,16,17,18,19,20,21]]},"minPosition",8,[1,-0.7641375064849854,0.00004557812644634396,-0.29393231868743896],"maxPosition",8,[1,0.7641375064849854,1.6251461505889893,0.32099586725234985]]],-1],0,0,[],[],[]],[[[9,"Skin-0",3576015926,["mixamorig:Hips/mixamorig:Spine/mixamorig:Spine1/mixamorig:Spine2/mixamorig:Neck/mixamorig:Head"],[[[7,1,0,0,0,0,1,4.371138828673793e-8,0,0,-4.371138828673793e-8,1,0,0,-0.9796038866043091,0.08449830114841461,1]],8]]],0,0,[],[],[]],[[[9,"Skin-2",2485895675,["mixamorig:Hips/mixamorig:Spine/mixamorig:Spine1/mixamorig:Spine2/mixamorig:Neck/mixamorig:Head","mixamorig:Hips/mixamorig:Spine/mixamorig:Spine1/mixamorig:Spine2/mixamorig:Neck","mixamorig:Hips/mixamorig:Spine/mixamorig:Spine1/mixamorig:Spine2","mixamorig:Hips/mixamorig:Spine/mixamorig:Spine1/mixamorig:Spine2/mixamorig:LeftShoulder","mixamorig:Hips/mixamorig:Spine/mixamorig:Spine1/mixamorig:Spine2/mixamorig:LeftShoulder/mixamorig:LeftArm","mixamorig:Hips/mixamorig:Spine/mixamorig:Spine1/mixamorig:Spine2/mixamorig:LeftShoulder/mixamorig:LeftArm/mixamorig:LeftForeArm","mixamorig:Hips/mixamorig:Spine/mixamorig:Spine1/mixamorig:Spine2/mixamorig:LeftShoulder/mixamorig:LeftArm/mixamorig:LeftForeArm/mixamorig:LeftHand","mixamorig:Hips/mixamorig:Spine/mixamorig:Spine1","mixamorig:Hips","mixamorig:Hips/mixamorig:LeftUpLeg","mixamorig:Hips/mixamorig:Spine","mixamorig:Hips/mixamorig:RightUpLeg","mixamorig:Hips/mixamorig:LeftUpLeg/mixamorig:LeftLeg","mixamorig:Hips/mixamorig:LeftUpLeg/mixamorig:LeftLeg/mixamorig:LeftFoot","mixamorig:Hips/mixamorig:LeftUpLeg/mixamorig:LeftLeg/mixamorig:LeftFoot/mixamorig:LeftToeBase","mixamorig:Hips/mixamorig:RightUpLeg/mixamorig:RightLeg","mixamorig:Hips/mixamorig:Spine/mixamorig:Spine1/mixamorig:Spine2/mixamorig:RightShoulder","mixamorig:Hips/mixamorig:Spine/mixamorig:Spine1/mixamorig:Spine2/mixamorig:RightShoulder/mixamorig:RightArm","mixamorig:Hips/mixamorig:Spine/mixamorig:Spine1/mixamorig:Spine2/mixamorig:RightShoulder/mixamorig:RightArm/mixamorig:RightForeArm","mixamorig:Hips/mixamorig:Spine/mixamorig:Spine1/mixamorig:Spine2/mixamorig:RightShoulder/mixamorig:RightArm/mixamorig:RightForeArm/mixamorig:RightHand","mixamorig:Hips/mixamorig:RightUpLeg/mixamorig:RightLeg/mixamorig:RightFoot","mixamorig:Hips/mixamorig:RightUpLeg/mixamorig:RightLeg/mixamorig:RightFoot/mixamorig:RightToeBase"],[[[7,1,0,0,0,0,1,4.371138828673793e-8,0,0,-4.371138828673793e-8,1,0,0,-0.9796038866043091,0.08449836820363998,1],[7,1,0,0,0,0,1,4.371138828673793e-8,0,0,-4.371138828673793e-8,1,0,0,-0.9676714539527893,0.0866178423166275,1],[7,1,0,0,0,0,0.9847384691238403,0.17404089868068695,0,0,-0.17404089868068695,0.9847384691238403,0,0,-0.8549497723579407,-0.08311844617128372,1],[7,-0.06700557470321655,0.9330974221229553,-0.3533262312412262,0,-0.1736266314983368,-0.35962364077568054,-0.9168012738227844,0,-0.9825294017791748,-0.00008395526674576104,0.1861073523759842,0,0.08291156589984894,0.24957691133022308,0.9032965898513794,1],[7,0.037205372005701065,0.6582109332084656,-0.7519136071205139,0,0.09676710516214371,-0.7512715458869934,-0.652860701084137,0,-0.994611382484436,-0.04847057908773422,-0.09164450317621231,0,-0.1797913759946823,0.46174460649490356,0.7616262435913086,1],[7,0.09367270767688751,0.7512109875679016,-0.6533815860748291,0,0.031800344586372375,-0.6581898331642151,-0.7521800994873047,0,-0.9950950145721436,0.04968098923563957,-0.085543192923069,0,-0.15680517256259918,0.1649603545665741,0.792439877986908,1],[7,0.09367270767688751,0.7512109875679016,-0.6533815860748291,0,0.031800344586372375,-0.6581898331642151,-0.7521800994873047,0,-0.9950950145721436,0.04968098923563957,-0.085543192923069,0,-0.15680517256259918,-0.047073110938072205,0.792439877986908,1],[7,1,0,0,0,0,0.9847384691238403,0.17404089868068695,0,0,-0.17404089868068695,0.9847384691238403,0,0,-0.7544798851013184,-0.08311844617128372,1],[7,1,0,0,0,0,1,4.371138828673793e-8,0,0,-4.371138828673793e-8,1,0,0,-0.5966594219207764,0.021045876666903496,1],[7,-0.9997974634170532,0.020125746726989746,-2.1622913529140142e-11,0,-0.020078355446457863,-0.9974432587623596,-0.06858471781015396,0,-0.0013803185429424047,-0.0685708299279213,0.9976452589035034,0,0.09804194420576096,0.5509479641914368,0.05786094442009926,1],[7,1,0,0,0,0,0.9847384095191956,0.1740407794713974,0,0,-0.1740407794713974,0.9847384095191956,0,0,-0.6665686964988708,-0.08311834931373596,1],[7,-0.9997977614402771,-0.02011237107217312,-4.916282311806519e-11,0,0.02005167305469513,-0.9967803359031677,-0.07763303071260452,0,0.0015613841824233532,-0.07761732488870621,0.9969820380210876,0,-0.09802383929491043,0.5504155158996582,0.06269606947898865,1],[7,-0.999943733215332,0.010608211159706116,0.000021054209355497733,0,-0.010583252646028996,-0.9974510669708252,-0.07056450098752975,0,-0.0007275625830516219,-0.0705607533454895,0.9975072145462036,0,0.09514228999614716,0.30497005581855774,0.058466341346502304,1],[7,-0.9918577075004578,-0.08842270821332932,-0.0916503295302391,0,-0.001540414639748633,-0.7112826704978943,0.7029043436050415,0,-0.12734200060367584,0.6973222494125366,0.7053549885749817,0,0.08695114403963089,0.1050439178943634,-0.013509794138371944,1],[7,-0.9957517385482788,-0.08050241321325302,0.044698040932416916,0,0.04506446421146393,-0.0027396578807383776,0.9989802837371826,0,-0.08029787242412567,0.9967506527900696,0.006355816498398781,0,0.08586415648460388,-0.02188705839216709,-0.0052594272419810295,1],[7,-0.999943733215332,-0.010606816969811916,0.00005580774450208992,0,0.010574951767921448,-0.9973205327987671,-0.07238670438528061,0,0.0008234507404267788,-0.07238204032182693,0.9973766803741455,0,-0.09513450413942337,0.30471330881118774,0.06109369173645973,1],[7,-0.06682948768138885,-0.9330975413322449,0.3533593416213989,0,0.17362886667251587,-0.35962340235710144,-0.9168009757995605,0,0.982541024684906,0.00008404002437600866,0.18604610860347748,0,-0.08291269838809967,0.24959121644496918,0.9032909870147705,1],[7,0.03308715671300888,-0.6583836674690247,0.7519549131393433,0,-0.08561694622039795,-0.7514683604240417,-0.6541903614997864,0,0.9957786202430725,-0.0427347868680954,-0.08123274892568588,0,0.16910262405872345,0.46236565709114075,0.7636892795562744,1],[7,0.07948065549135208,-0.7515802383422852,0.6548358201980591,0,-0.032356370240449905,-0.6585130095481873,-0.7518734335899353,0,0.9963111281394958,0.03857128694653511,-0.07665745168924332,0,0.1503119319677353,0.1639205813407898,0.7937663197517395,1],[7,0.07948065549135208,-0.7515802383422852,0.6548358201980591,0,-0.032356370240449905,-0.6585130095481873,-0.7518734335899353,0,0.9963111281394958,0.03857128694653511,-0.07665745168924332,0,0.1503119319677353,-0.04800870642066002,0.7937663793563843,1],[7,-0.9924231171607971,0.0868075042963028,0.08695341646671295,0,0.001638224464841187,-0.6982886791229248,0.7158144116401672,0,0.12285665422677994,0.7105332016944885,0.6928555965423584,0,-0.08694418519735336,0.10625310987234116,-0.013981507159769535,1],[7,-0.9958858489990234,0.08037059754133224,-0.04185701161623001,0,-0.04221292957663536,-0.0027337053325027227,0.9991048574447632,0,0.08018423616886139,0.9967612624168396,0.006115136668086052,0,-0.08592446148395538,-0.02250182256102562,-0.005017909221351147,1]],8,8,8,8,8,8,8,8,8,8,8,8,8,8,8,8,8,8,8,8,8,8]]],0,0,[],[],[]],[[[5,".bin",3409232062,[{"primitives":[{"primitiveMode":7,"jointMapIndex":0,"vertexBundelIndices":[0],"indexView":{"offset":47304,"length":9528,"count":2382,"stride":4}}],"vertexBundles":[{"view":{"offset":0,"length":47304,"count":657,"stride":72},"attributes":[{"name":"a_position","format":32,"isNormalized":false},{"name":"a_normal","format":32,"isNormalized":false},{"name":"a_texCoord","format":21,"isNormalized":false},{"name":"a_tangent","format":44,"isNormalized":false},{"name":"a_joints","format":42,"isNormalized":false},{"name":"a_weights","format":44,"isNormalized":false}]}],"jointMaps":[[0,1,2,3,4,5,6,7,8,9,10,11,12]]},"minPosition",8,[1,-0.29683610796928406,0.6072876453399658,-0.3065192997455597],"maxPosition",8,[1,0.29683607816696167,1.0818731784820557,0.18609675765037537]]],-1],0,0,[],[],[]],[[[9,"Skin-3",3572591739,["mixamorig:Hips/mixamorig:Spine","mixamorig:Hips","mixamorig:Hips/mixamorig:LeftUpLeg","mixamorig:Hips/mixamorig:Spine/mixamorig:Spine1/mixamorig:Spine2/mixamorig:LeftShoulder","mixamorig:Hips/mixamorig:Spine/mixamorig:Spine1","mixamorig:Hips/mixamorig:Spine/mixamorig:Spine1/mixamorig:Spine2","mixamorig:Hips/mixamorig:Spine/mixamorig:Spine1/mixamorig:Spine2/mixamorig:LeftShoulder/mixamorig:LeftArm","mixamorig:Hips/mixamorig:Spine/mixamorig:Spine1/mixamorig:Spine2/mixamorig:Neck/mixamorig:Head","mixamorig:Hips/mixamorig:Spine/mixamorig:Spine1/mixamorig:Spine2/mixamorig:Neck","mixamorig:Hips/mixamorig:Spine/mixamorig:Spine1/mixamorig:Spine2/mixamorig:LeftShoulder/mixamorig:LeftArm/mixamorig:LeftForeArm","mixamorig:Hips/mixamorig:Spine/mixamorig:Spine1/mixamorig:Spine2/mixamorig:RightShoulder","mixamorig:Hips/mixamorig:Spine/mixamorig:Spine1/mixamorig:Spine2/mixamorig:RightShoulder/mixamorig:RightArm","mixamorig:Hips/mixamorig:Spine/mixamorig:Spine1/mixamorig:Spine2/mixamorig:RightShoulder/mixamorig:RightArm/mixamorig:RightForeArm"],[[[7,1,0,0,0,0,0.9847384095191956,0.1740407794713974,0,0,-0.1740407794713974,0.9847384095191956,0,0,-0.6665686964988708,-0.08311841636896133,1],[7,1,0,0,0,0,1,4.371138828673793e-8,0,0,-4.371138828673793e-8,1,0,0,-0.5966594219207764,0.021045811474323273,1],[7,-0.9997974634170532,0.020125746726989746,-2.1622913529140142e-11,0,-0.020078355446457863,-0.9974432587623596,-0.06858471781015396,0,-0.0013803185429424047,-0.0685708299279213,0.9976452589035034,0,0.09804194420576096,0.5509479641914368,0.057860881090164185,1],[7,-0.06700557470321655,0.9330974221229553,-0.3533262312412262,0,-0.1736266314983368,-0.35962364077568054,-0.9168012738227844,0,-0.9825294017791748,-0.00008395526674576104,0.1861073523759842,0,0.08291163295507431,0.24957691133022308,0.9032965898513794,1],[7,1,0,0,0,0,0.9847384691238403,0.17404089868068695,0,0,-0.17404089868068695,0.9847384691238403,0,0,-0.7544798851013184,-0.0831185132265091,1],[7,1,0,0,0,0,0.9847384691238403,0.17404089868068695,0,0,-0.17404089868068695,0.9847384691238403,0,0,-0.8549497723579407,-0.0831185132265091,1],[7,0.037205372005701065,0.6582109332084656,-0.7519136071205139,0,0.09676710516214371,-0.7512715458869934,-0.652860701084137,0,-0.994611382484436,-0.04847057908773422,-0.09164450317621231,0,-0.17979130148887634,0.46174460649490356,0.7616262435913086,1],[7,1,0,0,0,0,1,4.371138828673793e-8,0,0,-4.371138828673793e-8,1,0,0,-0.9796038866043091,0.08449830114841461,1],[7,1,0,0,0,0,1,4.371138828673793e-8,0,0,-4.371138828673793e-8,1,0,0,-0.9676714539527893,0.08661777526140213,1],[7,0.09367270767688751,0.7512109875679016,-0.6533815860748291,0,0.031800344586372375,-0.6581898331642151,-0.7521800994873047,0,-0.9950950145721436,0.04968098923563957,-0.085543192923069,0,-0.1568051129579544,0.1649603545665741,0.792439877986908,1],[7,-0.06682948768138885,-0.9330975413322449,0.3533593416213989,0,0.17362886667251587,-0.35962340235710144,-0.9168009757995605,0,0.982541024684906,0.00008404002437600866,0.18604610860347748,0,-0.08291276544332504,0.24959121644496918,0.9032909870147705,1],[7,0.03308715671300888,-0.6583836674690247,0.7519549131393433,0,-0.08561694622039795,-0.7514683604240417,-0.6541903614997864,0,0.9957786202430725,-0.0427347868680954,-0.08123274892568588,0,0.16910254955291748,0.46236565709114075,0.7636892795562744,1],[7,0.07948065549135208,-0.7515802383422852,0.6548358201980591,0,-0.032356370240449905,-0.6585130095481873,-0.7518734335899353,0,0.9963111281394958,0.03857128694653511,-0.07665745168924332,0,0.15031187236309052,0.1639205813407898,0.7937663197517395,1]],8,8,8,8,8,8,8,8,8,8,8,8,8]]],0,0,[],[],[]],[[[5,".bin",2329622665,[{"primitives":[{"primitiveMode":7,"vertexBundelIndices":[0],"indexView":{"offset":38016,"length":6768,"count":1692,"stride":4}}],"vertexBundles":[{"view":{"offset":0,"length":38016,"count":528,"stride":72},"attributes":[{"name":"a_position","format":32,"isNormalized":false},{"name":"a_normal","format":32,"isNormalized":false},{"name":"a_texCoord","format":21,"isNormalized":false},{"name":"a_tangent","format":44,"isNormalized":false},{"name":"a_joints","format":42,"isNormalized":false},{"name":"a_weights","format":44,"isNormalized":false}]}]},"minPosition",8,[1,-0.3812576234340668,1.121100902557373,-0.15731258690357208],"maxPosition",8,[1,0.381257563829422,1.7014580965042114,0.08259047567844391]]],-1],0,0,[],[],[]],[[[5,".bin",1551927171,[{"primitives":[{"primitiveMode":7,"vertexBundelIndices":[0],"indexView":{"offset":27432,"length":5784,"count":1446,"stride":4}}],"vertexBundles":[{"view":{"offset":0,"length":27432,"count":381,"stride":72},"attributes":[{"name":"a_position","format":32,"isNormalized":false},{"name":"a_normal","format":32,"isNormalized":false},{"name":"a_texCoord","format":21,"isNormalized":false},{"name":"a_tangent","format":44,"isNormalized":false},{"name":"a_joints","format":42,"isNormalized":false},{"name":"a_weights","format":44,"isNormalized":false}]}]},"minPosition",8,[1,-0.3559393286705017,1.216446876525879,-0.34608277678489685],"maxPosition",8,[1,0.3559393286705017,1.777022123336792,0.33481162786483765]]],-1],0,0,[],[],[]],[[[9,"Skin-1",3576015926,["mixamorig:Hips/mixamorig:Spine/mixamorig:Spine1/mixamorig:Spine2/mixamorig:Neck/mixamorig:Head"],[[[7,1,0,0,0,0,1,4.371138828673793e-8,0,0,-4.371138828673793e-8,1,0,0,-0.9796038866043091,0.08449830114841461,1]],8]]],0,0,[],[],[]],[[[6,"player-B",[{"rasterizerState":{},"depthStencilState":{},"blendState":{"targets":[{}]}},{"rasterizerState":{},"depthStencilState":{},"blendState":{"targets":[{}]}},{"rasterizerState":{},"depthStencilState":{},"blendState":{"targets":[{}]}},{"rasterizerState":{},"depthStencilState":{},"blendState":{"targets":[{}]}}],[{"USE_INSTANCING":true},{"USE_INSTANCING":true,"USE_BASE_COLOR_MAP":true,"BASE_COLOR_MAP_AS_SHADE_MAP_1":true,"BASE_COLOR_MAP_AS_SHADE_MAP_2":true},{},{}],[[{},[{},"hitColor",8,[4,4285559039],"mainColor",8,[4,4294967295],"specular",8,[4,1473039564],"mainTexture",6,0],{},{}],0,11,0,0]]],0,0,[0,0],[2,3],[0,1]],[[[6,"giant-shield",[{"rasterizerState":{},"depthStencilState":{},"blendState":{"targets":[{}]}},{"rasterizerState":{},"depthStencilState":{},"blendState":{"targets":[{}]}},{"rasterizerState":{},"depthStencilState":{},"blendState":{"targets":[{}]}},{"rasterizerState":{},"depthStencilState":{},"blendState":{"targets":[{}]}}],[{"USE_INSTANCING":true},{"USE_INSTANCING":true,"USE_BASE_COLOR_MAP":true,"BASE_COLOR_MAP_AS_SHADE_MAP_1":true,"BASE_COLOR_MAP_AS_SHADE_MAP_2":true},{},{}],[[{},[{},"localOffset",8,[2,0,0.5,0.2,0],"mainColor",8,[4,4294967295],"mainTexture",6,0],{},{}],0,11,0,0]]],0,0,[0,0],[2,3],[0,1]],[[[5,".bin",1559858594,[{"primitives":[{"primitiveMode":7,"vertexBundelIndices":[0],"indexView":{"offset":32016,"length":6264,"count":1566,"stride":4}}],"vertexBundles":[{"view":{"offset":0,"length":32016,"count":667,"stride":48},"attributes":[{"name":"a_position","format":32,"isNormalized":false},{"name":"a_normal","format":32,"isNormalized":false},{"name":"a_texCoord","format":21,"isNormalized":false},{"name":"a_tangent","format":44,"isNormalized":false}]}]},"minPosition",8,[1,-0.4039651155471802,-0.6466491222381592,-0.028012122958898544],"maxPosition",8,[1,0.40776267647743225,0.644578754901886,0.4284164309501648]]],-1],0,0,[],[],[]]]]
