[1,["7cvf3jPd1Cp53YhWM0zF+O","89kf1PYAxO443bsD9kHAtI@cf5ee","f1Lk7l/oFGmqF8yOx44e6h@c00e2","75+kS1/UJOsZ+vqETD8tFu@c52b3","c2/iVFpUtCP7jUV8GXU2h1@1f586","6dZro9Dn5A5qlYTyiDpl92@d0da8","6dZro9Dn5A5qlYTyiDpl92@438fe","90pH4Q/JRBerRMbl4i+DEa@6c48a","51X5RY35xFRopRwTLM3xKD"],["_parent","node","root","msr","data","_mesh","_skeleton","mainTexture","_effectAsset"],[["cc.Node",["_name","_prefab","_lpos","_children","_parent","_components","_lrot","_euler"],2,4,5,2,1,9,5,5],["cc.Node",["_name","_parent","_prefab","_children","_lpos","_components","_lrot","_euler"],2,1,4,9,5,2,5,5],["cc.Prefab",["_name"],2],["cc.SkeletalAnimation",["node","__prefab","_clips"],3,1,4,3],["cc.CompPrefabInfo",["fileId"],2],["b1660mQ0TBNtpwGCHPSffJ4",["node","__prefab","msr"],3,1,4,1],["cc.PrefabInfo",["fileId","root","asset"],2,1,1],["cc.SkinnedMeshRenderer",["node","__prefab","_materials","lightmapSettings","_skinningRoot"],3,1,4,3,4,1],["cc.ModelLightmapSettings",[],3],["cc.Skeleton",["_name","_hash","_joints","_bindposes"],0,12],["cc.Mesh",["_native","_hash","_struct"],1,11],["cc.Material",["_name","_states","_defines","_props"],0,12]],[[6,0,1,2,2],[0,0,4,3,1,2,6,7,2],[0,0,4,1,2,2],[1,0,1,3,2,4,6,7,2],[4,0,2],[0,0,4,3,1,2,2],[2,0,2],[0,0,3,5,1,2,2],[0,0,3,1,2,2],[1,0,1,5,2,2],[1,0,1,3,2,4,2],[3,0,1,2,1],[5,0,1,2,1],[7,0,1,2,3,4,1],[8,1],[9,0,1,2,3,4],[10,0,1,2,3],[11,0,1,2,3,4]],[[[[6,"enemyGiant"],[7,"enemyGiant",[-5,-6],[[11,-2,[4,"f0oZchKPJJNojTgy+FD6z0"],[1,2,3,4]],[12,-4,[4,"2dOBZMPPtETodbQVMHa5Px"],-3]],[0,"afIwNx0o1NpY9vrM+AlquH",-1,0],[1,-1.18,0,0]],[5,"mixamorig:Hips",1,[-7,-8,-9],[0,"cf8mg2wLNHVY+tL+3v33ZM",1,0],[1,-0.0000726890575606376,0.3930213153362274,-0.00360478856600821]],[8,"mixamorig:Spine2",[-10,-11,-12],[0,"7d5nhTVRhBIr9S3/xpE13C",1,0],[1,0,0.07841936498880386,-1.1102229998097382e-18]],[9,"Boss_A",1,[-13],[0,"aeUgTplaVBCY6TXYfEzrRT",1,0]],[13,4,[4,"a0eALmveFGnKX7WwyzPYqm"],[0],[14],1],[1,"mixamorig:Spine",2,[-14],[0,"2e4bUo8LBFhJgalDvtwlc4",1,0],[1,0,0.058808136731386185,0.0008675330900587142],[3,0.007375361726101115,0,0,0.9999728016498294],[1,0.8451618609258065,0,0]],[5,"mixamorig:Spine1",6,[3],[0,"e54gNymqxDyIPG6PpCbkk5",1,0],[1,0,0.06861693412065506,1.1102229998097382e-18]],[1,"mixamorig:Neck",3,[-15],[0,"dcqcH4vytFDLUcIaKnprR8",1,0],[1,0,0.08822176605463028,-2.722430614277016e-10],[3,-0.007375363123008962,0,0,0.9999728016395265],[1,-0.8451620210040084,0,0]],[10,"mixamorig:Head",8,[[2,"mixamorig:HeadTop_End",-16,[0,"05rS24V6xIPI2qtRXegHIH",1,0],[1,0,0.5197422504425049,0.012773377820849419]]],[0,"7cjnXdaUFHIZwa/6qoads5",1,0],[1,0,0.024286193773150444,0.0005968663608655334]],[1,"mixamorig:LeftShoulder",3,[-17],[0,"9368K3kw5P+KffpxgYAP4R",1,0],[1,0.04015166684985161,0.08194968104362488,0.004155999515205622],[3,0.5625873799987553,0.43709868160780324,-0.5072863098257872,0.48487192356971115],[1,98.49296192523069,84.0759137266615,-0.0071833734819181285]],[1,"mixamorig:LeftArm",10,[-18],[0,"82ZoFJflVMpKAvBqM4BQso",1,0],[1,1.1102229998097382e-18,0.08133570104837418,0],[3,-0.06230186207185498,0.0047761894993882704,-0.07628840841310136,0.9951259944037445],[1,-7.164883277759915,4.944015572678021e-8,-8.76767569544884]],[3,"mixamorig:LeftForeArm",11,[[2,"mixamorig:LeftHand",-19,[0,"4cWrL/S+xGa5DX4ACDSwsN",1,0],[1,-4.440891999238953e-18,0.14216193556785583,0]]],[0,"55oOIeZPZIU7cqFUpMcZyx",1,0],[1,-1.1102229998097382e-18,0.26474976539611816,2.8421708795129297e-16],[3,-0.0036294297645945825,-0.00015194098661822642,0.041826684409094775,0.9991182775952316],[1,-0.41626721781365034,-4.021854655035913e-10,4.794415260257127]],[1,"mixamorig:RightShoulder",3,[-20],[0,"f31uQf2yRGjqIS5TRAeCNf",1,0],[1,-0.04015166684985161,0.08188732713460922,-0.00007103829557308927],[3,0.5356936440628149,-0.4614281642174064,0.5366724119320873,0.46054217097748207],[1,98.62518316352593,-90.10694016660622,-0.0027338186069139196]],[1,"mixamorig:RightArm",13,[-21],[0,"08B+Xh5ehFxJgaERzoHvxn",1,0],[1,0,0.08092942833900452,0],[3,-0.0648220695306415,0.00004469124125202762,-0.0006879946368053534,0.9978965998377975],[1,-7.433275633328661,1.723715392800753e-10,-0.07900454372289933]],[3,"mixamorig:RightForeArm",14,[[2,"mixamorig:RightHand",-22,[0,"75ZI7/GjZODbO6M5wsLVFp",1,0],[1,-4.440891999238953e-18,0.1421537548303604,-1.4210854397564648e-16]]],[0,"3acJTp6BZHhIkt0A7bbCaI",1,0],[1,0,0.26443514227867126,1.4210854397564648e-16],[3,-0.002370271573700165,0.00004050409145397098,-0.017085833293197763,0.9998512161680669],[1,-0.27165302371580274,1.515658878893264e-11,-1.9579930490252944]],[1,"mixamorig:LeftUpLeg",2,[-23],[0,"5aoTd+BOlK1Ii6pLzNhoch",1,0],[1,0.0846649557352066,-0.03271346911787987,0.004855661187320948],[3,-0.00012041817538059736,-0.004583627917791173,0.9996445777035576,-0.026262028148073425],[1,179.47384611795061,179.97237389140514,-3.0096577581309414]],[1,"mixamorig:LeftLeg",16,[-24],[0,"0a0BtuS5VGTr1Zs25BdjdN",1,0],[1,-1.776356799695581e-17,0.1785854995250702,5.551114999048691e-19],[3,-0.006630988386091627,0.00007218388847846357,-0.010884957486810813,0.9999187679421864],[1,-0.7599058873046594,-2.1152680227506673e-10,-1.247376308840391]],[1,"mixamorig:LeftFoot",17,[-25],[0,"63DnIhg05CsJBOcxowp0wJ",1,0],[1,-1.776356799695581e-17,0.12754902243614197,5.551114999048691e-19],[3,0.4767684947976552,-0.001088962310747105,0.0005906329620848121,0.8790280244009108],[1,56.949165957682276,-0.1419588702854128,4.6079518412641766e-10]],[3,"mixamorig:LeftToeBase",18,[[2,"mixamorig:LeftToe_End",-26,[0,"86gYQoNGFD95KJS5UxsjZM",1,0],[1,-1.776356799695581e-17,0.04236840456724167,2.081668124643259e-19]]],[0,"4b+dDcs3BKLI+tgC9lRcp7",1,0],[1,1.776356799695581e-17,0.09035632014274597,8.881783998477905e-18],[3,0.29739967406900714,0.002701371946186708,-0.0008414643352937864,0.9547488823722335],[1,34.60311941412479,0.32422514694920224,3.0449836624065515e-10]],[1,"mixamorig:RightUpLeg",2,[-27],[0,"17IfpjKZdPOZd5BSpiqSFi",1,0],[1,-0.0846649557352066,-0.03271346911787987,0.0038331516552716494],[3,0.00022951046399261865,-0.008737110527839667,0.9996169799828455,0.026258399695090664],[1,178.99705987600476,-179.94734762620382,3.0089916193120216]],[1,"mixamorig:RightLeg",20,[-28],[0,"f2ObuPHopOV5Xs5F/ZAVft",1,0],[1,1.776356799695581e-17,0.17860521376132965,-1.1102229998097382e-18],[3,0.005836720703000487,0.00006350150351030463,0.010878824861178605,0.9999237870101072],[1,0.6688823062923752,1.8101751033710302e-10,1.2466673307245413]],[1,"mixamorig:RightFoot",21,[-29],[0,"e4eh8CW1VHho53+zdCso3e",1,0],[1,-3.552713599391162e-17,0.1275191456079483,-5.551114999048691e-19],[3,0.4692414779333157,0.0012184637802137549,-0.0006474622749795407,0.8830688147169371],[1,55.970198937300026,0.1581140373044739,1.484651119760355e-10]],[3,"mixamorig:RightToeBase",22,[[2,"mixamorig:RightToe_End",-30,[0,"3cGVwwJv1M2JlueP7e6gW8",1,0],[1,0,0.0420733280479908,-6.938893748810864e-20]]],[0,"9dnVvfQydNf4VpqKEZ8ztC",1,0],[1,0,0.09029161185026169,8.881783998477905e-18],[3,0.2976490547893225,-0.0027280279815636976,0.0008505494889303454,0.954671081897803],[1,34.633054844909346,-0.32745113605088066,5.804463342946524e-9]]],0,[0,2,1,0,1,1,0,3,5,0,1,1,0,-1,4,0,-2,2,0,-1,6,0,-2,16,0,-3,20,0,-1,8,0,-2,10,0,-3,13,0,-1,5,0,-1,7,0,-1,9,0,0,9,0,-1,11,0,-1,12,0,0,12,0,-1,14,0,-1,15,0,0,15,0,-1,17,0,-1,18,0,-1,19,0,0,19,0,-1,21,0,-1,22,0,-1,23,0,0,23,0,4,1,3,0,7,30],[0,0,0,0,0,5,5],[-1,-1,-2,-3,-4,5,6],[0,1,2,3,4,5,6]],[[[15,"Skin-0",1569439530,["mixamorig:Hips/mixamorig:Spine/mixamorig:Spine1/mixamorig:Spine2/mixamorig:Neck/mixamorig:Head","mixamorig:Hips","mixamorig:Hips/mixamorig:RightUpLeg","mixamorig:Hips/mixamorig:Spine/mixamorig:Spine1/mixamorig:Spine2/mixamorig:LeftShoulder/mixamorig:LeftArm","mixamorig:Hips/mixamorig:Spine/mixamorig:Spine1/mixamorig:Spine2","mixamorig:Hips/mixamorig:Spine/mixamorig:Spine1/mixamorig:Spine2/mixamorig:Neck","mixamorig:Hips/mixamorig:Spine/mixamorig:Spine1/mixamorig:Spine2/mixamorig:LeftShoulder","mixamorig:Hips/mixamorig:LeftUpLeg","mixamorig:Hips/mixamorig:LeftUpLeg/mixamorig:LeftLeg","mixamorig:Hips/mixamorig:LeftUpLeg/mixamorig:LeftLeg/mixamorig:LeftFoot","mixamorig:Hips/mixamorig:LeftUpLeg/mixamorig:LeftLeg/mixamorig:LeftFoot/mixamorig:LeftToeBase","mixamorig:Hips/mixamorig:Spine/mixamorig:Spine1/mixamorig:Spine2/mixamorig:LeftShoulder/mixamorig:LeftArm/mixamorig:LeftForeArm","mixamorig:Hips/mixamorig:Spine/mixamorig:Spine1/mixamorig:Spine2/mixamorig:LeftShoulder/mixamorig:LeftArm/mixamorig:LeftForeArm/mixamorig:LeftHand","mixamorig:Hips/mixamorig:Spine","mixamorig:Hips/mixamorig:Spine/mixamorig:Spine1","mixamorig:Hips/mixamorig:Spine/mixamorig:Spine1/mixamorig:Spine2/mixamorig:RightShoulder","mixamorig:Hips/mixamorig:Spine/mixamorig:Spine1/mixamorig:Spine2/mixamorig:RightShoulder/mixamorig:RightArm","mixamorig:Hips/mixamorig:RightUpLeg/mixamorig:RightLeg/mixamorig:RightFoot/mixamorig:RightToeBase","mixamorig:Hips/mixamorig:RightUpLeg/mixamorig:RightLeg","mixamorig:Hips/mixamorig:RightUpLeg/mixamorig:RightLeg/mixamorig:RightFoot","mixamorig:Hips/mixamorig:Spine/mixamorig:Spine1/mixamorig:Spine2/mixamorig:RightShoulder/mixamorig:RightArm/mixamorig:RightForeArm","mixamorig:Hips/mixamorig:Spine/mixamorig:Spine1/mixamorig:Spine2/mixamorig:RightShoulder/mixamorig:RightArm/mixamorig:RightForeArm/mixamorig:RightHand"],[[[7,1,0,0,0,0,1,4.371138828673793e-8,0,0,-4.371138828673793e-8,1,0,0.0000726890575606376,-0.7113481163978577,-0.0013297435361891985,1],[7,1,0,0,0,0,1,4.371138828673793e-8,0,0,-4.371138828673793e-8,1,0,0.0000726890575606376,-0.3930213153362274,0.00360478856600821,1],[7,-0.998620867729187,-0.05250069499015808,3.3491684802386567e-18,0,0.05249267444014549,-0.9984683394432068,-0.017479538917541504,0,0.0009176878957077861,-0.017455432564020157,0.9998472332954407,0,-0.1035345122218132,0.35531115531921387,0.006069702096283436,1],[7,-0.047946762293577194,0.9985955953598022,-0.022538036108016968,0,0.03711507469415665,-0.02076726220548153,-0.9990952014923096,0,-0.9981601238250732,-0.048739880323410034,-0.03606722503900528,0,-0.006158739328384399,-0.10540961474180222,0.6711634993553162,1],[7,1,0,0,0,0,0.9998912215232849,-0.014750282280147076,0,0,0.014750282280147076,0.9998912215232849,0,0.0000726890575606376,-0.5987762212753296,0.009401589632034302,1],[7,1,0,0,0,0,1,4.371138828673793e-8,0,0,-4.371138828673793e-8,1,0,0.0000726890575606376,-0.6870619058609009,-0.0007328771753236651,1],[7,0.10321066528558731,0.9837501645088196,-0.14691202342510223,0,0.014546127989888191,-0.14917783439159393,-0.9887033700942993,0,-0.9945531487464905,0.09990773350000381,-0.029706500470638275,0,-0.009268795140087605,0.06164286658167839,0.6790698170661926,1],[7,-0.9986205697059631,0.052506495267152786,1.4638074531025474e-18,0,-0.0525042861700058,-0.9985786080360413,-0.009170278906822205,0,-0.00048149918438866735,-0.009157629683613777,0.9999579787254333,0,0.10339388996362686,0.355365514755249,0.0020533192437142134,1],[7,-0.9995269775390625,0.0307522714138031,0.00040788695332594216,0,-0.030753683298826218,-0.9992753863334656,-0.022425111383199692,0,-0.0002820317167788744,-0.022427048534154892,0.9997484683990479,0,0.09952104091644287,0.17894594371318817,0.00442697387188673,1],[7,-0.999522864818573,0.019189396873116493,-0.024203075096011162,0,-0.030809151008725166,-0.5637202262878418,0.8253909945487976,0,0.0021949929650872946,0.8257429003715515,0.5640424489974976,0,0.09953170269727707,0.03153494745492935,-0.04080032929778099,1],[7,-0.9993699193000793,-0.0011615481926128268,-0.03547434136271477,0,-0.0354793518781662,0.004622438922524452,0.9993597269058228,0,-0.0009968264494091272,0.9999886155128479,-0.0046607377007603645,0,0.0997609943151474,-0.07126601040363312,0.00028514553559944034,1],[7,0.03568433225154877,0.9992462992668152,-0.01527874544262886,0,0.035249464213848114,-0.01653747819364071,-0.9992417097091675,0,-0.9987412691116333,0.0351187065243721,-0.03581302613019943,0,-0.03707537427544594,-0.37321582436561584,0.6684696674346924,1],[7,0.03568433225154877,0.9992462992668152,-0.01527874544262886,0,0.035249464213848114,-0.01653747819364071,-0.9992417097091675,0,-0.9987412691116333,0.0351187065243721,-0.03581302613019943,0,-0.03707537427544594,-0.5153777599334717,0.6684696674346924,1],[7,1,0,0,0,0,0.9998912215232849,-0.014750279486179352,0,0,0.014750279486179352,0.9998912215232849,0,0.0000726890575606376,-0.4517399072647095,0.009401587769389153,1],[7,1,0,0,0,0,0.9998912215232849,-0.014750282280147076,0,0,0.014750282280147076,0.9998912215232849,0,0.0000726890575606376,-0.5203568339347839,0.009401589632034302,1],[7,-0.0018664640374481678,-0.9886888265609741,0.14996974170207977,0,-0.014797920361161232,-0.14992627501487732,-0.98858642578125,0,0.9998887777328491,-0.0040644011460244656,-0.014350705780088902,0,0.00942998006939888,0.06229213625192642,0.6790002584457397,1],[7,-0.0005031701293773949,-0.9997835159301758,0.020801052451133728,0,-0.014591174200177193,-0.02079150080680847,-0.9996773600578308,0,0.9998934268951416,-0.000806519587058574,-0.014577553607523441,0,0.009455669671297073,-0.10631104558706284,0.6708846092224121,1],[7,-0.9993696212768555,0.0011710019316524267,0.035482846200466156,0,0.03548796847462654,0.004689318127930164,0.999359130859375,0,0.0010038610780611634,0.999988317489624,-0.004727918654680252,0,-0.0999063029885292,-0.07080498337745667,0.0002912794298026711,1],[7,-0.9995267391204834,-0.03075944446027279,0.0003591081767808646,0,0.030756842344999313,-0.9995099902153015,-0.005811721086502075,0,0.0005376975168474019,-0.005797925870865583,0.9999830722808838,0,-0.09966546297073364,0.17897535860538483,0.003980626817792654,1],[7,-0.999523937702179,-0.01920204795897007,0.02414913848042488,0,0.03077276237308979,-0.5640959143638611,0.8251356482505798,0,-0.0022218646481633186,0.8254860043525696,0.5644182562828064,0,-0.09967606514692307,0.03186711668968201,-0.04057043790817261,1],[7,0.03365650400519371,-0.9993043541908264,0.016063310205936432,0,-0.013872276060283184,-0.016537964344024658,-0.999767005443573,0,0.9993371963500977,0.03342582657933235,-0.014419236220419407,0,0.02211735211312771,-0.3733833134174347,0.6691218614578247,1],[7,0.03365650400519371,-0.9993043541908264,0.016063310205936432,0,-0.013872276060283184,-0.016537964344024658,-0.999767005443573,0,0.9993371963500977,0.03342582657933235,-0.014419236220419407,0,0.02211735211312771,-0.5155370831489563,0.6691218614578247,1]],8,8,8,8,8,8,8,8,8,8,8,8,8,8,8,8,8,8,8,8,8,8]]],0,0,[],[],[]],[[[16,".bin",2899064466,[{"primitives":[{"primitiveMode":7,"jointMapIndex":0,"vertexBundelIndices":[0],"indexView":{"offset":52704,"length":6144,"count":1536,"stride":4}}],"vertexBundles":[{"view":{"offset":0,"length":52704,"count":549,"stride":96},"attributes":[{"name":"a_position","format":32,"isNormalized":false},{"name":"a_normal","format":32,"isNormalized":false},{"name":"a_texCoord","format":21,"isNormalized":false},{"name":"a_tangent","format":44,"isNormalized":false},{"name":"a_joints","format":42,"isNormalized":false},{"name":"a_weights","format":44,"isNormalized":false},{"name":"a_texCoord1","format":21,"isNormalized":false},{"name":"a_texCoord2","format":21,"isNormalized":false},{"name":"a_texCoord3","format":21,"isNormalized":false}]}],"jointMaps":[[0,1,2,3,4,5,6,7,8,9,10,11,12,13,14,15,16,17,18,19,20,21]]},"minPosition",8,[1,-0.6002818942070007,0.0016728220507502556,-0.23819459974765778],"maxPosition",8,[1,0.6001365184783936,1.2429063320159912,0.2381781041622162]]],-1],0,0,[],[],[]],[[[17,"Boss_A",[{"rasterizerState":{},"depthStencilState":{},"blendState":{"targets":[{}]}},{"rasterizerState":{},"depthStencilState":{},"blendState":{"targets":[{}]}},{"rasterizerState":{},"depthStencilState":{},"blendState":{"targets":[{}]}},{"rasterizerState":{},"depthStencilState":{},"blendState":{"targets":[{}]}}],[{"USE_INSTANCING":true},{"USE_INSTANCING":true,"USE_BASE_COLOR_MAP":true,"BASE_COLOR_MAP_AS_SHADE_MAP_1":true,"BASE_COLOR_MAP_AS_SHADE_MAP_2":true},{},{}],[[{},[{},"hitColor",8,[4,4289506476],"mainColor",8,[4,4294967295],"specular",8,[4,16777215],"mainTexture",6,0],{},{}],0,11,0,0]]],0,0,[0,0],[7,8],[7,8]]]]
