[1,["89kf1PYAxO443bsD9kHAtI@cf5ee","8cbUKxI3xE3ZJuNPU1taQX@6c48a","51X5RY35xFRopRwTLM3xKD","2cj+NY2SZNtoqZjhj6q9IQ","c2/iVFpUtCP7jUV8GXU2h1@1f586","75+kS1/UJOsZ+vqETD8tFu@c52b3","f1Lk7l/oFGmqF8yOx44e6h@c00e2","3a2gugDRVP8p+wmOZdtOIj@67c7e","3a2gugDRVP8p+wmOZdtOIj@438fe"],["_parent","node","mainTexture","_effectAsset","root","msr","data","_defaultClip","_mesh","_skeleton"],[["cc.Node",["_name","_prefab","_children","_lpos","_parent","_components","_lrot","_euler"],2,4,2,5,1,9,5,5],["cc.Node",["_name","_parent","_prefab","_children","_lpos","_components","_lrot","_euler"],2,1,4,9,5,2,5,5],["cc.Material",["_name","_states","_defines","_props"],0,12],["cc.Skeleton",["_name","_hash","_joints","_bindposes"],0,12],["cc.Mesh",["_native","_hash","_struct"],1,11],["cc.Prefab",["_name"],2],["cc.SkeletalAnimation",["node","__prefab","_clips","_defaultClip"],3,1,4,3,6],["cc.CompPrefabInfo",["fileId"],2],["b1660mQ0TBNtpwGCHPSffJ4",["node","__prefab","msr"],3,1,4,1],["cc.PrefabInfo",["fileId","root","asset"],2,1,1],["cc.SkinnedMeshRenderer",["node","__prefab","_materials","lightmapSettings","_skinningRoot"],3,1,4,3,4,1],["cc.ModelLightmapSettings",[],3]],[[9,0,1,2,2],[0,0,4,2,1,3,6,7,2],[0,0,4,1,3,2],[1,0,1,3,2,4,6,7,2],[7,0,2],[0,0,4,2,1,3,2],[2,0,1,2,3,4],[3,0,1,2,3,4],[4,0,1,2,3],[5,0,2],[0,0,2,5,1,2],[0,0,2,1,3,2],[1,0,1,5,2,2],[1,0,1,3,2,4,2],[6,0,1,2,3,1],[8,0,1,2,1],[10,0,1,2,3,4,1],[11,1]],[[[[6,"Boss_B",[{"rasterizerState":{},"depthStencilState":{},"blendState":{"targets":[{}]}},{"rasterizerState":{},"depthStencilState":{},"blendState":{"targets":[{}]}},{"rasterizerState":{},"depthStencilState":{},"blendState":{"targets":[{}]}},{"rasterizerState":{},"depthStencilState":{},"blendState":{"targets":[{}]}}],[{"USE_INSTANCING":true,"USE_BASE_COLOR_MAP":true},{"USE_INSTANCING":true,"USE_BASE_COLOR_MAP":true,"BASE_COLOR_MAP_AS_SHADE_MAP_1":true,"BASE_COLOR_MAP_AS_SHADE_MAP_2":true},{},{}],[[{},[{},"hitColor",8,[4,4289506476],"mainColor",8,[4,4294967295],"specular",8,[4,16777215],"mainTexture",6,0],{},{}],0,11,0,0]]],0,0,[0,0],[2,3],[1,2]],[[[7,"Skin-0",3419123824,["mixamorig:Hips","mixamorig:Hips/mixamorig:Spine/mixamorig:Spine1/mixamorig:Spine2","mixamorig:Hips/mixamorig:Spine/mixamorig:Spine1/mixamorig:Spine2/mixamorig:LeftShoulder","mixamorig:Hips/mixamorig:Spine/mixamorig:Spine1/mixamorig:Spine2/mixamorig:LeftShoulder/mixamorig:LeftArm","mixamorig:Hips/mixamorig:LeftUpLeg","mixamorig:Hips/mixamorig:LeftUpLeg/mixamorig:LeftLeg","mixamorig:Hips/mixamorig:LeftUpLeg/mixamorig:LeftLeg/mixamorig:LeftFoot","mixamorig:Hips/mixamorig:LeftUpLeg/mixamorig:LeftLeg/mixamorig:LeftFoot/mixamorig:LeftToeBase","mixamorig:Hips/mixamorig:Spine/mixamorig:Spine1/mixamorig:Spine2/mixamorig:LeftShoulder/mixamorig:LeftArm/mixamorig:LeftForeArm","mixamorig:Hips/mixamorig:Spine/mixamorig:Spine1/mixamorig:Spine2/mixamorig:LeftShoulder/mixamorig:LeftArm/mixamorig:LeftForeArm/mixamorig:LeftHand","mixamorig:Hips/mixamorig:Spine","mixamorig:Hips/mixamorig:Spine/mixamorig:Spine1","mixamorig:Hips/mixamorig:RightUpLeg","mixamorig:Hips/mixamorig:Spine/mixamorig:Spine1/mixamorig:Spine2/mixamorig:RightShoulder","mixamorig:Hips/mixamorig:Spine/mixamorig:Spine1/mixamorig:Spine2/mixamorig:RightShoulder/mixamorig:RightArm","mixamorig:Hips/mixamorig:RightUpLeg/mixamorig:RightLeg","mixamorig:Hips/mixamorig:RightUpLeg/mixamorig:RightLeg/mixamorig:RightFoot","mixamorig:Hips/mixamorig:RightUpLeg/mixamorig:RightLeg/mixamorig:RightFoot/mixamorig:RightToeBase","mixamorig:Hips/mixamorig:Spine/mixamorig:Spine1/mixamorig:Spine2/mixamorig:RightShoulder/mixamorig:RightArm/mixamorig:RightForeArm","mixamorig:Hips/mixamorig:Spine/mixamorig:Spine1/mixamorig:Spine2/mixamorig:RightShoulder/mixamorig:RightArm/mixamorig:RightForeArm/mixamorig:RightHand","mixamorig:Hips/mixamorig:Spine/mixamorig:Spine1/mixamorig:Spine2/mixamorig:Neck","mixamorig:Hips/mixamorig:Spine/mixamorig:Spine1/mixamorig:Spine2/mixamorig:Neck/mixamorig:Head"],[[[7,1,0,0,0,0,1,4.371138828673793e-8,0,0,-4.371138828673793e-8,1,0,-1.907348590179936e-8,-0.3937782347202301,0.005917804315686226,1],[7,1,0,0,0,0,0.9999979138374329,-0.002041484694927931,0,0,0.002041484694927931,0.9999979138374329,0,-1.907348590179936e-8,-0.6058274507522583,0.00672170240432024,1],[7,0.008347629569470882,0.9855337142944336,-0.16927385330200195,0,0.001727749826386571,-0.16929371654987335,-0.985564112663269,0,-0.999963641166687,0.007934660650789738,-0.0031159569043666124,0,-0.006531441584229469,0.06374303996562958,0.6872267127037048,1],[7,0.01948978379368782,0.9990217089653015,-0.0396963395178318,0,-0.0001864373916760087,-0.03970024734735489,-0.9992116093635559,0,-0.9998100399971008,0.01948181912302971,-0.0005874942289665341,0,-0.006960949394851923,-0.12699519097805023,0.6764561533927917,1],[7,-0.9999295473098755,0.011868879199028015,2.9818666840527274e-19,0,-0.011868334375321865,-0.9998837113380432,0.009577760472893715,0,0.00011367728438926861,0.009577086195349693,0.999954104423523,0,0.10361836850643158,0.3587808310985565,-0.004211472813040018,1],[7,-0.9999358057975769,-0.011296621523797512,-0.0008863647235557437,0,0.011330821551382542,-0.9975754022598267,-0.06866537779569626,0,-0.00010852887498913333,-0.06867101043462753,0.9976393580436707,0,0.099322110414505,0.18610481917858124,0.010377892293035984,1],[7,-0.9980827569961548,-0.0566253736615181,-0.02498825080692768,0,0.01542851235717535,-0.6186014413833618,0.7855534553527832,0,-0.059940025210380554,0.7836617827415466,0.618289053440094,0,0.09852093458175659,0.05013062804937363,-0.04447963833808899,1],[7,-0.9972559809684753,-0.015718387439846992,0.07234276831150055,0,0.07253598421812057,-0.012090197764337063,0.9972925186157227,0,-0.014801192097365856,0.999803364276886,0.013197170570492744,0,0.09502401947975159,-0.07029391080141068,-0.010862731374800205,1],[7,0.04575320705771446,0.9989521503448486,-0.0010955416364595294,0,-0.0012303261319175363,-0.0010403388878330588,-0.9999986886978149,0,-0.9989520311355591,0.04575449600815773,0.001181438216008246,0,-0.01630276069045067,-0.38091760873794556,0.6622313261032104,1],[7,0.04575320705771446,0.9989521503448486,-0.0010955416364595294,0,-0.0012303261319175363,-0.0010403388878330588,-0.9999986886978149,0,-0.9989520311355591,0.04575449600815773,0.001181438216008246,0,-0.01630276069045067,-0.5228942036628723,0.6622313261032104,1],[7,1,0,0,0,0,0.9999979138374329,-0.0020414809696376324,0,0,0.0020414809696376324,0.9999979138374329,0,-1.907348590179936e-8,-0.45435452461242676,0.0067217000760138035,1],[7,1,0,0,0,0,0.9999979138374329,-0.002041484694927931,0,0,0.002041484694927931,0.9999979138374329,0,-1.907348590179936e-8,-0.5250418782234192,0.00672170240432024,1],[7,-0.9999296069145203,-0.011865390464663506,2.2783718035553397e-18,0,0.011861358769237995,-0.9995898604393005,0.026066778227686882,0,-0.0003092924889642745,0.02606494165956974,0.9996601939201355,0,-0.1036161407828331,0.35870224237442017,-0.008634629659354687,1],[7,-0.007650796324014664,-0.9855337142944336,0.16930678486824036,0,-0.0023289055097848177,-0.16929373145103455,-0.9855628609657288,0,0.9999679923057556,-0.007934640161693096,-0.0009999830508604646,0,0.006895669270306826,0.06365898996591568,0.6872372031211853,1],[7,0.03353395313024521,-0.9986439347267151,0.03982241824269295,0,0.004746644292026758,-0.039685241878032684,-0.9992009401321411,0,0.9994263052940369,0.03369618207216263,0.0034094045404344797,0,0.00848195981234312,-0.1268073469400406,0.6764929890632629,1],[7,-0.9999355673789978,0.011284399777650833,0.0012353525962680578,0,-0.01134796068072319,-0.9964959025382996,-0.08286826312541962,0,0.00029590530903078616,-0.08287694305181503,0.996559739112854,0,-0.09931973367929459,0.18605178594589233,0.011681686155498028,1],[7,-0.9981061220169067,0.05664326250553131,0.023993661627173424,0,-0.016237331554293633,-0.618798553943634,0.7853819131851196,0,0.059333838522434235,0.7835049033164978,0.6185463666915894,0,-0.09845324605703354,0.050427328795194626,-0.044343117624521255,1],[7,-0.9972584247589111,0.015761643648147583,-0.07229927182197571,0,-0.07249358296394348,-0.0121254688128829,0.9972951412200928,0,0.014842348173260689,0.9998022317886353,0.013234843499958515,0,-0.09502135217189789,-0.06988827139139175,-0.010855909436941147,1],[7,0.04667186364531517,-0.9989094734191895,0.0012850696220993996,0,0.005268437787890434,-0.001040297793224454,-0.9999855756759644,0,0.9988963603973389,0.04667796194553375,0.005214139819145203,0,0.013155806809663773,-0.38094013929367065,0.6622892618179321,1],[7,0.04667186364531517,-0.9989094734191895,0.0012850696220993996,0,0.005268437787890434,-0.001040297793224454,-0.9999855756759644,0,0.9988963603973389,0.04667796194553375,0.005214139819145203,0,0.013155806809663773,-0.5229228734970093,0.6622892618179321,1],[7,1,0,0,0,0,1,4.371138828673793e-8,0,0,-4.371138828673793e-8,1,0,-1.907348590179936e-8,-0.696723461151123,0.005299333482980728,1],[7,1,0,0,0,0,1,4.371138828673793e-8,0,0,-4.371138828673793e-8,1,0,-1.907348590179936e-8,-0.7089257836341858,0.005261576268821955,1]],8,8,8,8,8,8,8,8,8,8,8,8,8,8,8,8,8,8,8,8,8,8]]],0,0,[],[],[]],[[[8,".bin",2544995563,[{"primitives":[{"primitiveMode":7,"jointMapIndex":0,"vertexBundelIndices":[0],"indexView":{"offset":24048,"length":4152,"count":1038,"stride":4}}],"vertexBundles":[{"view":{"offset":0,"length":24048,"count":334,"stride":72},"attributes":[{"name":"a_position","format":32,"isNormalized":false},{"name":"a_normal","format":32,"isNormalized":false},{"name":"a_texCoord","format":21,"isNormalized":false},{"name":"a_tangent","format":44,"isNormalized":false},{"name":"a_joints","format":42,"isNormalized":false},{"name":"a_weights","format":44,"isNormalized":false}]}],"jointMaps":[[0,1,2,3,4,5,6,7,8,9,10,11,12,13,14,15,16,17,18,19,20,21]]},"minPosition",8,[1,-0.6259966492652893,0.0015141137409955263,-0.23819461464881897],"maxPosition",8,[1,0.6259966492652893,1.169866919517517,0.23817811906337738]]],-1],0,0,[],[],[]],[[[9,"enemyBoss"],[10,"enemyBoss",[-5,-6],[[14,-2,[4,"4fh9FGWx9C5osPjlScQ4zr"],[1,2,3,4],5],[15,-4,[4,"9ewN3y1YtN0oZA5CTAQSeh"],-3]],[0,"65uYOLNqJBLpEvpX0c4I0+",-1,0]],[5,"mixamorig:Hips",1,[-7,-8,-9],[0,"2cI0aLh7dKBLt2b/fXqb+F",1,0],[1,1.907348590179936e-8,0.3937782347202301,-0.005917804315686226]],[11,"mixamorig:Spine2",[-10,-11,-12],[0,"d0I2kyqj1I/4ZvOyivbobd",1,0],[1,0,0.08078557997941971,0]],[12,"Boss_B",1,[-13],[0,"38S9FS3hlEXYrMV6CUOURp",1,0]],[16,4,[4,"b93M9KPtBBTYbWHae0XP11"],[0],[17],1],[1,"mixamorig:Spine",2,[-14],[0,"fcQZ4V+ghI+4cHm+VFAoPz",1,0],[1,0,0.06058906391263008,0.00012369394244160503],[3,0.0010207628523449437,0,0,0.999999479021464],[1,0.11697082695929924,0,0]],[5,"mixamorig:Spine1",6,[3],[0,"32AxOuzLhC2qdb5y7ZJnIA",1,0],[1,0,0.07068736851215363,-2.2204459996194763e-18]],[1,"mixamorig:Neck",3,[-15],[0,"c8bIdW6GVNBrMUKQ3mDdDh",1,0],[1,0,0.09088374674320221,-8.453939770447505e-10],[3,-0.001020764714988181,0,0,0.9999994790195627],[1,-0.11697104040260291,0,0]],[13,"mixamorig:Head",8,[[2,"mixamorig:HeadTop_End",-16,[0,"096OQ3UclIC4OETPra9HC3",1,0],[1,0,0.4611973464488983,0.0014270454412326217]]],[0,"18dcWbjhdB27WMJEevSiVk",1,0],[1,0,0.012202301062643528,0.000037757159589091316]],[1,"mixamorig:LeftShoulder",3,[-17],[0,"82sCyL1tZFdKoC3Ad6Abub",1,0],[1,0.053563106805086136,0.08226970583200455,0.00042133458191528916],[3,0.5428463815445987,0.453728765149222,-0.5384759901766962,0.4577025472108765],[1,99.74579545788846,89.52171037580625,-0.017969555510532562]],[1,"mixamorig:LeftArm",10,[-18],[0,"ffB2BtUmFPKK1qB/Scdlch",1,0],[1,0,0.10176853835582733,0],[3,-0.06515834363329898,-0.00036835995771558215,0.005641200478239903,0.9978589236074761],[1,-7.4720092444942185,9.579687319463503e-10,0.6478140904613088]],[3,"mixamorig:LeftForeArm",11,[[2,"mixamorig:LeftHand",-19,[0,"4cnC9zeJVJJI5kucM8Zzlk",1,0],[1,2.2204459996194763e-18,0.14197658002376556,0]]],[0,"ee5ycAbvBJwKvZZ0HnE8ZK",1,0],[1,2.2204459996194763e-18,0.228353813290596,0],[3,-0.019322991228588014,-0.00025410152551435497,0.013146624803403655,0.9997268245369197],[1,-2.214580986006083,5.214863478737234e-10,1.5068170282572528]],[1,"mixamorig:RightShoulder",3,[-20],[0,"a8bj3EgkNLb4BrNCvDaDET",1,0],[1,-0.053563106805086136,0.08226805925369263,-0.000386161234928295],[3,0.5386666075131847,-0.45752847327495016,0.5426721588630089,0.45388645065466643],[1,99.74767896394279,-90.43836007861506,-0.01647488416121816]],[1,"mixamorig:RightArm",13,[-21],[0,"83B21sHu5Ar4rXtx602KWH",1,0],[1,1.1102229998097382e-18,0.10176853835582733,-1.4210854397564648e-16],[3,-0.0651234003272168,0.0013611038185984195,-0.02085143846322751,0.9976584123036453],[1,-7.469510160998526,1.1492595861217638e-8,-2.394658318764092]],[3,"mixamorig:RightForeArm",14,[[2,"mixamorig:RightHand",-22,[0,"91ZTuBZRVNtYxuWxCiut0F",1,0],[1,4.440891999238953e-18,0.14198271930217743,-1.4210854397564648e-16]]],[0,"83cSay2+dJS4SreRpkT8LV",1,0],[1,2.2204459996194763e-18,0.22844016551971436,-4.2632563192693945e-16],[3,-0.01929336410906381,0.00012694289016046723,-0.006578247053196648,0.9997922167393407],[1,-2.2110417182446986,-2.342301638076406e-10,-0.7539573676497764]],[1,"mixamorig:LeftUpLeg",2,[-23],[0,"42Ro33Og5GbbXqLPyqK3Ge",1,0],[1,0.09935272485017776,-0.033768996596336365,0.006681245751678944],[3,0.000028420018077077892,0.00478882906540489,0.9999709237289185,-0.005934475985162325],[1,-179.45119019583552,-179.99348634232223,-0.6800214513148823]],[1,"mixamorig:LeftLeg",16,[-24],[0,"100rUX1FhD+L8EJvNUAqZQ",1,0],[1,-1.776356799695581e-17,0.17478875815868378,5.551114999048691e-19],[3,-0.039138564100562226,0.00045404220720900797,-0.01159122153854978,0.9991664577181645],[1,-4.486396911223042,-2.677440356850725e-9,-1.3293045975416984]],[1,"mixamorig:LeftFoot",17,[-25],[0,"91S9TNZc9DW7i6EevZsZY4",1,0],[1,1.776356799695581e-17,0.12110243737697601,-2.2204459996194763e-18],[3,0.4667339197555516,0.02652872467646192,-0.014008386609557277,0.883888816549489],[1,55.67222638098521,3.4382781727396727,-6.96405436953244e-8]],[3,"mixamorig:LeftToeBase",18,[[2,"mixamorig:LeftToe_End",-26,[0,"326f87iWRKcp3UkhsCwDe+",1,0],[1,-3.552713599391162e-17,0.04400767385959625,-2.2204459996194763e-18]]],[0,"76VBN4331GwZyx6ccA0wDi",1,0],[1,0,0.09916108101606369,1.776356799695581e-17],[3,0.32237204289720467,-0.03445282884778469,0.011741703150496576,0.9459129986155141],[1,37.638751414837365,-4.171904771356441,9.35859352343532e-8]],[1,"mixamorig:RightUpLeg",2,[-27],[0,"05kGHz6P9DdaOi2H45P9Ls",1,0],[1,-0.09935272485017776,-0.033768996596336365,0.005167914554476738],[3,-0.00007733092434927065,0.013034245383863354,0.9998974499081955,0.0059322958699789185],[1,-178.50621180687378,179.9822776274142,0.6796217539639199]],[1,"mixamorig:RightLeg",20,[-28],[0,"8eODPx5a5HDJAGNy6E3801",1,0],[1,-3.552713599391162e-17,0.17484015226364136,2.2204459996194763e-18],[3,-0.054489403130789565,-0.000632588567328625,0.011591355139288549,0.998446866520292],[1,-6.2475410317467315,-5.711520231503126e-9,1.330277887042246]],[1,"mixamorig:RightFoot",21,[-29],[0,"4eF2pP6J9ICYrM8AeXfr47",1,0],[1,1.776356799695581e-17,0.12123359739780426,0],[3,0.4729016746085057,-0.026107790085698742,0.014020194373152038,0.8806167291160504],[1,56.47265654077114,-3.3963201047195626,6.715308853258204e-9]],[3,"mixamorig:RightToeBase",22,[[2,"mixamorig:RightToe_End",-30,[0,"b4Y6HMDYlKpa50Z9t41dcZ",1,0],[1,0,0.043886877596378326,0]]],[0,"1fPhvD5JVPh5JZrIRH6BUt",1,0],[1,-3.552713599391162e-17,0.09912974387407303,-1.776356799695581e-17],[3,0.3224795802680141,0.03394571365492523,-0.011572932050915983,0.9458967576212365],[1,37.65102375931498,4.110621539153859,6.740346179710686e-8]]],0,[0,4,1,0,1,1,0,5,5,0,1,1,0,-1,4,0,-2,2,0,-1,6,0,-2,16,0,-3,20,0,-1,8,0,-2,10,0,-3,13,0,-1,5,0,-1,7,0,-1,9,0,0,9,0,-1,11,0,-1,12,0,0,12,0,-1,14,0,-1,15,0,0,15,0,-1,17,0,-1,18,0,-1,19,0,0,19,0,-1,21,0,-1,22,0,-1,23,0,0,23,0,6,1,3,0,7,30],[0,0,0,0,0,0,5,5],[-1,-1,-2,-3,-4,7,8,9],[3,4,5,6,0,0,7,8]]]]
